-5 5.35212e-07
-4.9 7.2548e-07
-4.8 9.77523e-07
-4.7 1.3099e-06
-4.6 1.74586e-06
-4.5 2.31552e-06
-4.4 3.05513e-06
-4.3 4.01021e-06
-4.2 5.23906e-06
-4.1 6.81142e-06
-4 8.81381e-06
-3.9 1.13506e-05
-3.8 1.45486e-05
-3.7 1.85601e-05
-3.6 2.3567e-05
-3.5 2.97873e-05
-3.4 3.74761e-05
-3.3 4.69345e-05
-3.2 5.85106e-05
-3.1 7.26133e-05
-3 8.97094e-05
-2.9 0.000110337
-2.8 0.000135104
-2.7 0.000164701
-2.6 0.000199903
-2.5 0.00024157
-2.4 0.00029066
-2.3 0.000348225
-2.2 0.000415412
-2.1 0.000493467
-2 0.000583731
-1.9 0.000687633
-1.8 0.00080669
-1.7 0.000942497
-1.6 0.00109671
-1.5 0.00127105
-1.4 0.00146727
-1.3 0.00168715
-1.2 0.00193245
-1.1 0.00220495
-1 0.00250637
-0.9 0.00283837
-0.8 0.00320252
-0.7 0.00360028
-0.6 0.00403298
-0.5 0.0045018
-0.4 0.00500773
-0.3 0.00555158
-0.2 0.00613393
-0.1 0.00675514
-1.02696e-15 0.00741535
0.1 0.00811445
0.2 0.00885206
0.3 0.00962761
0.4 0.0104402
0.5 0.0112889
0.6 0.0121723
0.7 0.0130889
0.8 0.0140371
0.9 0.0150151
1 0.0160208
1.1 0.0170523
1.2 0.0181073
1.3 0.0191836
1.4 0.0202789
1.5 0.021391
1.6 0.0225175
1.7 0.0236562
1.8 0.0248049
1.9 0.0259613
2 0.0271235
2.1 0.0282893
2.2 0.0294569
2.3 0.0306244
2.4 0.03179
2.5 0.0329522
2.6 0.0341094
2.7 0.0352599
2.8 0.0364026
2.9 0.0375359
3 0.0386586
3.1 0.0397696
3.2 0.0408675
3.3 0.0419512
3.4 0.0430196
3.5 0.0440715
3.6 0.0451058
3.7 0.0461213
3.8 0.0471169
3.9 0.0480913
4 0.0490435
4.1 0.0499721
4.2 0.050876
4.3 0.0517537
4.4 0.0526041
4.5 0.0534259
4.6 0.0542176
4.7 0.0549779
4.8 0.0557056
4.9 0.0563993
5 0.0570576
5.1 0.0576794
5.2 0.0582633
5.3 0.0588083
5.4 0.0593132
5.5 0.0597771
5.6 0.060199
5.7 0.0605782
5.8 0.0609139
5.9 0.0612057
6 0.0614532
6.1 0.0616561
6.2 0.0618144
6.3 0.061928
6.4 0.0619972
6.5 0.0620225
6.6 0.0620042
6.7 0.0619431
6.8 0.06184
6.9 0.0616958
7 0.0615115
7.1 0.0612884
7.2 0.0610275
7.3 0.0607303
7.4 0.0603981
7.5 0.0600324
7.6 0.0596347
7.7 0.0592066
7.8 0.0587496
7.9 0.0582654
8 0.0577557
8.1 0.057222
8.2 0.0566663
8.3 0.05609
8.4 0.0554951
8.5 0.0548833
8.6 0.0542563
8.7 0.0536159
8.8 0.0529639
8.9 0.0523021
9 0.0516323
9.1 0.0509562
9.2 0.0502756
9.3 0.0495923
9.4 0.0489078
9.5 0.0482238
9.6 0.0475419
9.7 0.0468635
9.8 0.0461901
9.9 0.045523
10 0.0448633
10.1 0.0442122
10.2 0.0435707
10.3 0.0429396
10.4 0.0423196
10.5 0.0417116
10.6 0.0411158
10.7 0.0405327
10.8 0.0399627
10.9 0.0394059
11 0.0388624
11.1 0.0383323
11.2 0.0378153
11.3 0.0373115
11.4 0.0368207
11.5 0.0363425
11.6 0.0358768
11.7 0.0354232
11.8 0.0349815
11.9 0.0345512
12 0.0341322
12.1 0.033724
12.2 0.0333264
12.3 0.032939
12.4 0.0325616
12.5 0.032194
12.6 0.0318358
12.7 0.0314868
12.8 0.0311469
12.9 0.0308159
13 0.0304936
13.1 0.0301798
13.2 0.0298745
13.3 0.0295776
13.4 0.0292889
13.5 0.0290084
13.6 0.0287361
13.7 0.0284718
13.8 0.0282156
13.9 0.0279674
14 0.0277271
14.1 0.0274947
14.2 0.0272702
14.3 0.0270535
14.4 0.0268444
14.5 0.026643
14.6 0.026449
14.7 0.0262623
14.8 0.0260829
14.9 0.0259104
15 0.0257447
15.1 0.0255855
15.2 0.0254326
15.3 0.0252856
15.4 0.0251444
15.5 0.0250086
15.6 0.0248778
15.7 0.0247517
15.8 0.02463
15.9 0.0245125
16 0.0243987
16.1 0.0242884
16.2 0.0241814
16.3 0.0240773
16.4 0.0239761
16.5 0.0238775
16.6 0.0237815
16.7 0.023688
16.8 0.023597
16.9 0.0235085
17 0.0234225
17.1 0.0233393
17.2 0.023259
17.3 0.0231818
17.4 0.0231079
17.5 0.0230377
17.6 0.0229713
17.7 0.022909
17.8 0.0228512
17.9 0.0227982
18 0.0227501
18.1 0.0227072
18.2 0.0226697
18.3 0.0226378
18.4 0.0226115
18.5 0.0225909
18.6 0.022576
18.7 0.0225666
18.8 0.0225627
18.9 0.022564
19 0.0225703
19.1 0.0225811
19.2 0.0225962
19.3 0.022615
19.4 0.022637
19.5 0.0226617
19.6 0.0226885
19.7 0.0227168
19.8 0.022746
19.9 0.0227753
20 0.0228041
20.1 0.0228317
20.2 0.0228575
20.3 0.0228807
20.4 0.0229007
20.5 0.0229169
20.6 0.0229287
20.7 0.0229353
20.8 0.0229364
20.9 0.0229312
21 0.0229193
21.1 0.0229003
21.2 0.0228737
21.3 0.0228391
21.4 0.0227962
21.5 0.0227447
21.6 0.0226844
21.7 0.0226151
21.8 0.0225366
21.9 0.022449
22 0.0223521
22.1 0.0222462
22.2 0.0221311
22.3 0.0220072
22.4 0.0218746
22.5 0.0217336
22.6 0.0215846
22.7 0.0214278
22.8 0.0212637
22.9 0.0210927
23 0.0209153
23.1 0.0207319
23.2 0.020543
23.3 0.0203492
23.4 0.0201508
23.5 0.0199485
23.6 0.0197425
23.7 0.0195336
23.8 0.0193219
23.9 0.019108
24 0.0188922
24.1 0.0186749
24.2 0.0184564
24.3 0.0182369
24.4 0.0180167
24.5 0.0177961
24.6 0.0175752
24.7 0.0173543
24.8 0.0171335
24.9 0.0169129
25 0.0166928
25.1 0.0164734
25.2 0.0162547
25.3 0.0160371
25.4 0.0158206
25.5 0.0156056
25.6 0.0153924
25.7 0.0151812
25.8 0.0149723
25.9 0.0147662
26 0.0145631
26.1 0.0143636
26.2 0.0141681
26.3 0.013977
26.4 0.0137909
26.5 0.0136103
26.6 0.0134356
26.7 0.0132674
26.8 0.0131061
26.9 0.0129524
27 0.0128067
27.1 0.0126694
27.2 0.012541
27.3 0.0124218
27.4 0.0123123
27.5 0.0122128
27.6 0.0121235
27.7 0.0120447
27.8 0.0119764
27.9 0.0119189
28 0.0118721
28.1 0.011836
28.2 0.0118106
28.3 0.0117956
28.4 0.0117908
28.5 0.0117959
28.6 0.0118107
28.7 0.0118345
28.8 0.011867
28.9 0.0119075
29 0.0119555
29.1 0.0120102
29.2 0.012071
29.3 0.0121371
29.4 0.0122076
29.5 0.0122818
29.6 0.0123588
29.7 0.0124377
29.8 0.0125176
29.9 0.0125976
30 0.0126768
30.1 0.0127545
30.2 0.0128296
30.3 0.0129015
30.4 0.0129693
30.5 0.0130324
30.6 0.0130899
30.7 0.0131413
30.8 0.0131859
30.9 0.0132233
31 0.0132529
31.1 0.0132744
31.2 0.0132874
31.3 0.0132917
31.4 0.0132869
31.5 0.013273
31.6 0.0132499
31.7 0.0132175
31.8 0.013176
31.9 0.0131253
32 0.0130658
32.1 0.0129977
32.2 0.0129212
32.3 0.0128366
32.4 0.0127445
32.5 0.0126452
32.6 0.0125393
32.7 0.0124273
32.8 0.0123096
32.9 0.012187
33 0.01206
33.1 0.0119292
33.2 0.0117951
33.3 0.0116584
33.4 0.0115197
33.5 0.0113794
33.6 0.0112381
33.7 0.0110961
33.8 0.0109541
33.9 0.0108122
34 0.0106708
34.1 0.0105302
34.2 0.0103904
34.3 0.0102518
34.4 0.0101143
34.5 0.00997788
34.6 0.00984261
34.7 0.00970834
34.8 0.00957497
34.9 0.00944231
35 0.00931018
35.1 0.00917834
35.2 0.00904656
35.3 0.00891458
35.4 0.00878214
35.5 0.00864901
35.6 0.00851492
35.7 0.00837964
35.8 0.00824298
35.9 0.00810474
36 0.00796476
36.1 0.00782292
36.2 0.00767912
36.3 0.0075333
36.4 0.00738545
36.5 0.00723557
36.6 0.00708371
36.7 0.00692996
36.8 0.00677444
36.9 0.00661728
37 0.00645866
37.1 0.00629878
37.2 0.00613786
37.3 0.00597612
37.4 0.00581383
37.5 0.00565124
37.6 0.00548861
37.7 0.00532621
37.8 0.00516432
37.9 0.00500319
38 0.0048431
38.1 0.00468428
38.2 0.00452699
38.3 0.00437145
38.4 0.00421787
38.5 0.00406645
38.6 0.00391739
38.7 0.00377083
38.8 0.00362695
38.9 0.00348586
39 0.00334768
39.1 0.00321253
39.2 0.00308047
39.3 0.00295159
39.4 0.00282593
39.5 0.00270356
39.6 0.00258448
39.7 0.00246874
39.8 0.00235633
39.9 0.00224726
40 0.00214153
40.1 0.00203911
40.2 0.00193999
40.3 0.00184413
40.4 0.00175151
40.5 0.00166208
40.6 0.00157579
40.7 0.0014926
40.8 0.00141246
40.9 0.00133531
41 0.00126109
41.1 0.00118974
41.2 0.00112121
41.3 0.00105542
41.4 0.000992318
41.5 0.000931845
41.6 0.00087394
41.7 0.000818547
41.8 0.000765611
41.9 0.000715076
42 0.000666894
42.1 0.000621015
42.2 0.000577394
42.3 0.000535984
42.4 0.000496742
42.5 0.000459626
42.6 0.000424592
42.7 0.000391596
42.8 0.000360595
42.9 0.000331543
43 0.00030439
43.1 0.000279087
43.2 0.000255579
43.3 0.000233809
43.4 0.000213717
43.5 0.000195238
43.6 0.000178306
43.7 0.00016285
43.8 0.000148799
43.9 0.000136076
44 0.000124606
44.1 0.00011431
44.2 0.000105108
44.3 9.69233e-05
44.4 8.9676e-05
44.5 8.32883e-05
44.6 7.76838e-05
44.7 7.27882e-05
44.8 6.85288e-05
44.9 6.48358e-05
45 6.16426e-05
45.1 5.8885e-05
45.2 5.65033e-05
45.3 5.44401e-05
45.4 5.26434e-05
45.5 5.1064e-05
45.6 4.96568e-05
45.7 4.83814e-05
45.8 4.72005e-05
45.9 4.60826e-05
46 4.49984e-05
46.1 4.39242e-05
46.2 4.28392e-05
46.3 4.17274e-05
46.4 4.05755e-05
46.5 3.93747e-05
46.6 3.81189e-05
46.7 3.68054e-05
46.8 3.54338e-05
46.9 3.4007e-05
47 3.25292e-05
47.1 3.10073e-05
47.2 2.94494e-05
47.3 2.78641e-05
47.4 2.62619e-05
47.5 2.46532e-05
47.6 2.30486e-05
47.7 2.14589e-05
47.8 1.98944e-05
47.9 1.83648e-05
48 1.68791e-05
48.1 1.54452e-05
48.2 1.40702e-05
48.3 1.27601e-05
48.4 1.15196e-05
48.5 1.03522e-05
48.6 9.26024e-06
48.7 8.24522e-06
48.8 7.30729e-06
48.9 6.44561e-06
49 5.65879e-06
49.1 4.94455e-06
49.2 4.29989e-06
49.3 3.72134e-06
49.4 3.20526e-06
49.5 2.74744e-06
49.6 2.34363e-06
49.7 1.98946e-06
49.8 1.68059e-06
49.9 1.41273e-06
50 1.18175e-06
50.1 9.83665e-07
50.2 8.14746e-07
50.3 6.7145e-07
50.4 5.50656e-07
50.5 4.49347e-07
50.6 3.64847e-07
50.7 2.94757e-07
50.8 2.36938e-07
50.9 1.89462e-07
51 1.50774e-07
51.1 1.19381e-07
51.2 9.41135e-08
51.3 7.38089e-08
51.4 5.76193e-08
51.5 4.47919e-08
51.6 3.46989e-08
51.7 2.68213e-08
51.8 2.07349e-08
51.9 1.6097e-08
52 1.2636e-08
52.1 1.0141e-08
52.2 8.45496e-09
52.3 7.46788e-09
52.4 7.11248e-09
52.5 7.32799e-09
52.6 8.2013e-09
52.7 9.73399e-09
52.8 1.20142e-08
52.9 1.51713e-08
53 1.93353e-08
53.1 2.48335e-08
53.2 3.18841e-08
53.3 4.08323e-08
53.4 5.20936e-08
53.5 6.6163e-08
53.6 8.36235e-08
53.7 1.05113e-07
53.8 1.31515e-07
53.9 1.6367e-07
54 2.026e-07
54.1 2.4945e-07
54.2 3.05493e-07
54.3 3.7213e-07
54.4 4.50883e-07
54.5 5.43384e-07
54.6 6.51367e-07
54.7 7.76638e-07
54.8 9.21058e-07
54.9 1.0865e-06
55 1.27482e-06
55.1 1.48779e-06
55.2 1.72706e-06
55.3 1.99412e-06
55.4 2.29018e-06
55.5 2.61614e-06
55.6 2.97255e-06
55.7 3.35947e-06
55.8 3.77649e-06
55.9 4.22261e-06
56 4.69621e-06
56.1 5.19505e-06
56.2 5.71619e-06
56.3 6.25603e-06
56.4 6.81029e-06
56.5 7.37406e-06
56.6 7.94188e-06
56.7 8.50775e-06
56.8 9.06528e-06
56.9 9.60782e-06
57 1.01284e-05
57.1 1.06202e-05
57.2 1.10765e-05
57.3 1.14906e-05
57.4 1.18567e-05
57.5 1.21691e-05
57.6 1.24231e-05
57.7 1.26147e-05
57.8 1.27409e-05
57.9 1.27998e-05
58 1.27905e-05
58.1 1.27131e-05
58.2 1.2569e-05
58.3 1.23605e-05
58.4 1.2091e-05
58.5 1.17649e-05
58.6 1.13872e-05
58.7 1.09638e-05
58.8 1.05012e-05
58.9 1.00062e-05
59 9.48592e-06
59.1 8.94761e-06
59.2 8.39856e-06
59.3 7.84588e-06
59.4 7.29647e-06
59.5 6.75686e-06
59.6 6.23317e-06
59.7 5.73105e-06
59.8 5.25561e-06
59.9 4.81141e-06
60 4.40249e-06
60.1 4.03231e-06
60.2 3.70384e-06
60.3 3.41954e-06
60.4 3.18144e-06
60.5 2.99113e-06
60.6 2.84983e-06
60.7 2.7584e-06
60.8 2.71739e-06
60.9 2.72704e-06
61 2.7873e-06
61.1 2.8978e-06
61.2 3.05789e-06
61.3 3.26656e-06
61.4 3.52247e-06
61.5 3.82384e-06
61.6 4.16852e-06
61.7 4.55383e-06
61.8 4.97662e-06
61.9 5.43322e-06
62 5.9194e-06
62.1 6.43036e-06
62.2 6.9608e-06
62.3 7.50489e-06
62.4 8.05634e-06
62.5 8.60847e-06
62.6 9.15428e-06
62.7 9.68658e-06
62.8 1.01981e-05
62.9 1.06816e-05
63 1.113e-05
63.1 1.15367e-05
63.2 1.18954e-05
63.3 1.22006e-05
63.4 1.24473e-05
63.5 1.26316e-05
63.6 1.27506e-05
63.7 1.28021e-05
63.8 1.27854e-05
63.9 1.27007e-05
64 1.25493e-05
64.1 1.23335e-05
64.2 1.20568e-05
64.3 1.17233e-05
64.4 1.13383e-05
64.5 1.09073e-05
64.6 1.04368e-05
64.7 9.93318e-06
64.8 9.40338e-06
64.9 8.85436e-06
65 8.29288e-06
65.1 7.72553e-06
65.2 7.15857e-06
65.3 6.5978e-06
65.4 6.04849e-06
65.5 5.51531e-06
65.6 5.00227e-06
65.7 4.51274e-06
65.8 4.04937e-06
65.9 3.61418e-06
66 3.20854e-06
66.1 2.83321e-06
66.2 2.48843e-06
66.3 2.17394e-06
66.4 1.88906e-06
66.5 1.63274e-06
66.6 1.40367e-06
66.7 1.20029e-06
66.8 1.0209e-06
66.9 8.63681e-07
67 7.26775e-07
67.1 6.08304e-07
67.2 5.06427e-07
67.3 4.19361e-07
67.4 3.45409e-07
67.5 2.8298e-07
67.6 2.30596e-07
67.7 1.86905e-07
67.8 1.50684e-07
67.9 1.20834e-07
