-4 2.30337e-06
-3.9 3.10767e-06
-3.8 4.16718e-06
-3.7 5.55487e-06
-3.6 7.36146e-06
-3.5 9.69914e-06
-3.4 1.2705e-05
-3.3 1.65478e-05
-3.2 2.14302e-05
-3.1 2.75964e-05
-3 3.53372e-05
-2.9 4.49966e-05
-2.8 5.69795e-05
-2.7 7.17564e-05
-2.6 8.98715e-05
-2.5 0.000111949
-2.4 0.0001387
-2.3 0.000170925
-2.2 0.000209521
-2.1 0.000255482
-2 0.000309902
-1.9 0.000373974
-1.8 0.000448985
-1.7 0.000536313
-1.6 0.000637419
-1.5 0.000753833
-1.4 0.000887145
-1.3 0.00103898
-1.2 0.00121099
-1.1 0.00140483
-1 0.00162213
-0.9 0.00186445
-0.8 0.00213332
-0.7 0.00243012
-0.6 0.00275614
-0.5 0.00311249
-0.4 0.00350012
-0.3 0.00391977
-0.2 0.00437198
-0.1 0.00485703
2.41474e-15 0.00537498
0.1 0.00592563
0.2 0.00650852
0.3 0.00712296
0.4 0.00776798
0.5 0.00844242
0.6 0.00914486
0.7 0.00987372
0.8 0.0106272
0.9 0.0114034
1 0.0122002
1.1 0.0130156
1.2 0.0138471
1.3 0.0146927
1.4 0.0155499
1.5 0.0164164
1.6 0.0172901
1.7 0.0181687
1.8 0.01905
1.9 0.019932
2 0.0208127
2.1 0.0216902
2.2 0.022563
2.3 0.0234292
2.4 0.0242875
2.5 0.0251364
2.6 0.0259748
2.7 0.0268016
2.8 0.0276157
2.9 0.0284162
3 0.0292024
3.1 0.0299736
3.2 0.0307291
3.3 0.0314683
3.4 0.0321908
3.5 0.032896
3.6 0.0335835
3.7 0.0342529
3.8 0.0349038
3.9 0.0355357
4 0.0361482
4.1 0.0367409
4.2 0.0373134
4.3 0.0378653
4.4 0.038396
4.5 0.0389051
4.6 0.0393922
4.7 0.0398568
4.8 0.0402985
4.9 0.0407168
5 0.0411113
5.1 0.0414818
5.2 0.0418279
5.3 0.0421493
5.4 0.0424459
5.5 0.0427177
5.6 0.0429645
5.7 0.0431865
5.8 0.0433838
5.9 0.0435568
6 0.0437056
6.1 0.0438309
6.2 0.0439331
6.3 0.0440129
6.4 0.0440708
6.5 0.0441078
6.6 0.0441246
6.7 0.0441219
6.8 0.0441008
6.9 0.0440621
7 0.0440066
7.1 0.0439353
7.2 0.043849
7.3 0.0437484
7.4 0.0436345
7.5 0.0435079
7.6 0.0433693
7.7 0.0432194
7.8 0.0430589
7.9 0.0428881
8 0.0427078
8.1 0.0425184
8.2 0.0423203
8.3 0.0421142
8.4 0.0419003
8.5 0.0416793
8.6 0.0414516
8.7 0.0412177
8.8 0.0409782
8.9 0.0407337
9 0.0404846
9.1 0.0402318
9.2 0.0399758
9.3 0.0397173
9.4 0.039457
9.5 0.0391958
9.6 0.0389342
9.7 0.0386732
9.8 0.0384134
9.9 0.0381555
10 0.0379004
10.1 0.0376486
10.2 0.037401
10.3 0.037158
10.4 0.0369203
10.5 0.0366885
10.6 0.0364629
10.7 0.0362441
10.8 0.0360324
10.9 0.0358281
11 0.0356314
11.1 0.0354425
11.2 0.0352615
11.3 0.0350885
11.4 0.0349233
11.5 0.0347661
11.6 0.0346166
11.7 0.0344746
11.8 0.03434
11.9 0.0342124
12 0.0340917
12.1 0.0339775
12.2 0.0338694
12.3 0.0337672
12.4 0.0336704
12.5 0.0335788
12.6 0.0334919
12.7 0.0334093
12.8 0.0333308
12.9 0.033256
13 0.0331844
13.1 0.0331158
13.2 0.0330498
13.3 0.0329861
13.4 0.0329244
13.5 0.0328643
13.6 0.0328056
13.7 0.032748
13.8 0.0326912
13.9 0.032635
14 0.0325792
14.1 0.0325236
14.2 0.032468
14.3 0.0324124
14.4 0.0323567
14.5 0.0323008
14.6 0.0322448
14.7 0.0321886
14.8 0.0321325
14.9 0.0320764
15 0.0320207
15.1 0.0319654
15.2 0.0319107
15.3 0.0318569
15.4 0.0318041
15.5 0.0317526
15.6 0.0317024
15.7 0.0316537
15.8 0.0316065
15.9 0.031561
16 0.0315169
16.1 0.0314743
16.2 0.031433
16.3 0.0313927
16.4 0.0313532
16.5 0.0313141
16.6 0.0312751
16.7 0.0312356
16.8 0.0311953
16.9 0.0311536
17 0.0311102
17.1 0.0310645
17.2 0.031016
17.3 0.0309645
17.4 0.0309095
17.5 0.0308507
17.6 0.0307877
17.7 0.0307205
17.8 0.0306488
17.9 0.0305726
18 0.0304917
18.1 0.0304062
18.2 0.0303162
18.3 0.0302216
18.4 0.0301227
18.5 0.0300195
18.6 0.0299122
18.7 0.029801
18.8 0.0296858
18.9 0.029567
19 0.0294446
19.1 0.0293188
19.2 0.0291896
19.3 0.0290571
19.4 0.0289214
19.5 0.0287826
19.6 0.0286406
19.7 0.0284956
19.8 0.0283475
19.9 0.0281963
20 0.0280421
20.1 0.0278849
20.2 0.0277246
20.3 0.0275614
20.4 0.0273953
20.5 0.0272262
20.6 0.0270543
20.7 0.0268796
20.8 0.0267023
20.9 0.0265224
21 0.0263401
21.1 0.0261554
21.2 0.0259687
21.3 0.02578
21.4 0.0255896
21.5 0.0253976
21.6 0.0252044
21.7 0.0250101
21.8 0.0248151
21.9 0.0246195
22 0.0244236
22.1 0.0242276
22.2 0.0240319
22.3 0.0238366
22.4 0.0236419
22.5 0.0234482
22.6 0.0232555
22.7 0.023064
22.8 0.022874
22.9 0.0226856
23 0.0224988
23.1 0.022314
23.2 0.022131
23.3 0.0219502
23.4 0.0217715
23.5 0.021595
23.6 0.0214207
23.7 0.0212489
23.8 0.0210794
23.9 0.0209124
24 0.0207478
24.1 0.0205857
24.2 0.020426
24.3 0.0202688
24.4 0.0201141
24.5 0.0199617
24.6 0.0198117
24.7 0.019664
24.8 0.0195186
24.9 0.0193753
25 0.0192342
25.1 0.019095
25.2 0.0189579
25.3 0.0188226
25.4 0.0186893
25.5 0.0185577
25.6 0.018428
25.7 0.0183001
25.8 0.018174
25.9 0.0180497
26 0.0179274
26.1 0.0178071
26.2 0.0176888
26.3 0.0175728
26.4 0.017459
26.5 0.0173477
26.6 0.017239
26.7 0.0171331
26.8 0.01703
26.9 0.01693
27 0.0168332
27.1 0.0167398
27.2 0.0166497
27.3 0.0165633
27.4 0.0164805
27.5 0.0164015
27.6 0.0163264
27.7 0.0162551
27.8 0.0161876
27.9 0.016124
28 0.0160643
28.1 0.0160082
28.2 0.0159558
28.3 0.0159068
28.4 0.015861
28.5 0.0158183
28.6 0.0157784
28.7 0.0157408
28.8 0.0157053
28.9 0.0156714
29 0.0156388
29.1 0.0156068
29.2 0.0155751
29.3 0.0155431
29.4 0.0155102
29.5 0.0154759
29.6 0.0154397
29.7 0.015401
29.8 0.0153594
29.9 0.0153143
30 0.0152653
30.1 0.0152122
30.2 0.0151544
30.3 0.0150919
30.4 0.0150243
30.5 0.0149516
30.6 0.0148736
30.7 0.0147904
30.8 0.014702
30.9 0.0146085
31 0.0145099
31.1 0.0144065
31.2 0.0142984
31.3 0.0141857
31.4 0.0140688
31.5 0.0139476
31.6 0.0138224
31.7 0.0136934
31.8 0.0135606
31.9 0.0134243
32 0.0132844
32.1 0.013141
32.2 0.0129943
32.3 0.0128443
32.4 0.012691
32.5 0.0125346
32.6 0.0123751
32.7 0.0122126
32.8 0.0120472
32.9 0.0118792
33 0.0117086
33.1 0.0115358
33.2 0.011361
33.3 0.0111844
33.4 0.0110064
33.5 0.0108274
33.6 0.0106477
33.7 0.0104677
33.8 0.0102879
33.9 0.0101087
34 0.00993054
34.1 0.00975384
34.2 0.009579
34.3 0.00940645
34.4 0.00923656
34.5 0.00906967
34.6 0.0089061
34.7 0.00874612
34.8 0.00858996
34.9 0.00843781
35 0.00828982
35.1 0.00814608
35.2 0.00800665
35.3 0.00787153
35.4 0.00774072
35.5 0.00761414
35.6 0.00749171
35.7 0.00737332
35.8 0.00725885
35.9 0.00714814
36 0.00704107
36.1 0.00693747
36.2 0.00683721
36.3 0.00674015
36.4 0.00664615
36.5 0.00655512
36.6 0.00646696
36.7 0.00638157
36.8 0.0062989
36.9 0.0062189
37 0.00614152
37.1 0.00606673
37.2 0.00599452
37.3 0.00592486
37.4 0.00585774
37.5 0.00579314
37.6 0.00573106
37.7 0.00567145
37.8 0.00561431
37.9 0.0055596
38 0.00550727
38.1 0.00545728
38.2 0.00540957
38.3 0.00536411
38.4 0.00532081
38.5 0.00527963
38.6 0.0052405
38.7 0.00520336
38.8 0.00516815
38.9 0.00513482
39 0.0051033
39.1 0.00507355
39.2 0.0050455
39.3 0.0050191
39.4 0.00499431
39.5 0.00497105
39.6 0.00494926
39.7 0.00492888
39.8 0.00490982
39.9 0.00489201
40 0.00487534
40.1 0.00485972
40.2 0.00484503
40.3 0.00483117
40.4 0.00481801
40.5 0.00480543
40.6 0.00479331
40.7 0.00478153
40.8 0.00476999
40.9 0.00475857
41 0.0047472
41.1 0.00473579
41.2 0.0047243
41.3 0.00471268
41.4 0.00470093
41.5 0.00468903
41.6 0.00467702
41.7 0.00466493
41.8 0.00465283
41.9 0.00464079
42 0.00462889
42.1 0.00461722
42.2 0.00460589
42.3 0.00459499
42.4 0.00458463
42.5 0.00457489
42.6 0.00456585
42.7 0.00455759
42.8 0.00455016
42.9 0.0045436
43 0.00453794
43.1 0.00453316
43.2 0.00452925
43.3 0.00452618
43.4 0.00452387
43.5 0.00452224
43.6 0.00452121
43.7 0.00452066
43.8 0.00452046
43.9 0.00452047
44 0.00452054
44.1 0.00452052
44.2 0.00452025
44.3 0.00451958
44.4 0.00451834
44.5 0.00451639
44.6 0.00451356
44.7 0.00450972
44.8 0.00450474
44.9 0.0044985
45 0.00449087
45.1 0.00448176
45.2 0.00447107
45.3 0.00445874
45.4 0.0044447
45.5 0.00442889
45.6 0.00441128
45.7 0.00439183
45.8 0.00437054
45.9 0.0043474
46 0.00432242
46.1 0.00429562
46.2 0.00426703
46.3 0.0042367
46.4 0.00420469
46.5 0.00417105
46.6 0.00413585
46.7 0.00409918
46.8 0.00406113
46.9 0.00402177
47 0.00398121
47.1 0.00393953
47.2 0.00389683
47.3 0.00385319
47.4 0.00380868
47.5 0.00376339
47.6 0.00371737
47.7 0.00367067
47.8 0.00362332
47.9 0.00357536
48 0.00352679
48.1 0.00347762
48.2 0.00342781
48.3 0.00337736
48.4 0.00332622
48.5 0.00327436
48.6 0.00322174
48.7 0.0031683
48.8 0.00311402
48.9 0.00305884
49 0.00300275
49.1 0.00294572
49.2 0.00288775
49.3 0.00282885
49.4 0.00276905
49.5 0.00270838
49.6 0.0026469
49.7 0.0025847
49.8 0.00252185
49.9 0.00245847
50 0.00239467
50.1 0.00233058
50.2 0.00226633
50.3 0.00220206
50.4 0.00213791
50.5 0.00207401
50.6 0.0020105
50.7 0.0019475
50.8 0.00188514
50.9 0.00182351
51 0.00176271
51.1 0.00170282
51.2 0.0016439
51.3 0.00158602
51.4 0.00152921
51.5 0.0014735
51.6 0.0014189
51.7 0.00136544
51.8 0.0013131
51.9 0.00126189
52 0.00121181
52.1 0.00116283
52.2 0.00111496
52.3 0.00106819
52.4 0.00102252
52.5 0.000977937
52.6 0.000934449
52.7 0.000892062
52.8 0.000850785
52.9 0.000810631
53 0.000771615
53.1 0.000733752
53.2 0.000697061
53.3 0.000661558
53.4 0.000627261
53.5 0.000594182
53.6 0.000562333
53.7 0.000531722
53.8 0.000502353
53.9 0.000474224
54 0.000447331
54.1 0.000421663
54.2 0.000397206
54.3 0.00037394
54.4 0.000351842
54.5 0.000330885
54.6 0.000311038
54.7 0.000292269
54.8 0.00027454
54.9 0.000257815
55 0.000242054
55.1 0.000227217
55.2 0.000213262
55.3 0.00020015
55.4 0.000187838
55.5 0.000176285
55.6 0.000165452
55.7 0.000155299
55.8 0.000145787
55.9 0.000136878
56 0.000128537
56.1 0.000120728
56.2 0.000113418
56.3 0.000106575
56.4 0.000100167
56.5 9.41669e-05
56.6 8.8546e-05
56.7 8.32782e-05
56.8 7.83388e-05
56.9 7.37045e-05
57 6.93531e-05
57.1 6.52642e-05
57.2 6.14182e-05
57.3 5.77969e-05
57.4 5.43835e-05
57.5 5.11621e-05
57.6 4.81182e-05
57.7 4.52385e-05
57.8 4.25108e-05
57.9 3.99243e-05
58 3.74689e-05
58.1 3.51363e-05
58.2 3.29192e-05
58.3 3.08113e-05
58.4 2.88076e-05
58.5 2.69039e-05
58.6 2.50969e-05
58.7 2.33843e-05
58.8 2.17642e-05
58.9 2.02353e-05
59 1.87964e-05
59.1 1.74469e-05
59.2 1.61856e-05
59.3 1.50116e-05
59.4 1.39233e-05
59.5 1.29192e-05
59.6 1.19968e-05
59.7 1.11534e-05
59.8 1.03855e-05
59.9 9.68939e-06
60 9.0606e-06
60.1 8.49444e-06
60.2 7.98592e-06
60.3 7.52986e-06
60.4 7.12099e-06
60.5 6.75426e-06
60.6 6.42475e-06
60.7 6.12805e-06
60.8 5.86008e-06
60.9 5.61729e-06
61 5.39681e-06
61.1 5.19641e-06
61.2 5.01451e-06
61.3 4.85006e-06
61.4 4.70261e-06
61.5 4.57226e-06
61.6 4.45947e-06
61.7 4.36499e-06
61.8 4.28979e-06
61.9 4.2349e-06
62 4.20129e-06
62.1 4.1898e-06
62.2 4.20099e-06
62.3 4.23509e-06
62.4 4.29201e-06
62.5 4.37111e-06
62.6 4.47138e-06
62.7 4.59129e-06
62.8 4.72884e-06
62.9 4.88163e-06
63 5.04686e-06
63.1 5.22143e-06
63.2 5.40199e-06
63.3 5.585e-06
63.4 5.76682e-06
63.5 5.94377e-06
63.6 6.11229e-06
63.7 6.26889e-06
63.8 6.41031e-06
63.9 6.53351e-06
64 6.63582e-06
64.1 6.71488e-06
64.2 6.76872e-06
64.3 6.79581e-06
64.4 6.79505e-06
64.5 6.76575e-06
64.6 6.70767e-06
64.7 6.62107e-06
64.8 6.50657e-06
64.9 6.36521e-06
65 6.19841e-06
65.1 6.00794e-06
65.2 5.79591e-06
65.3 5.56465e-06
65.4 5.31675e-06
65.5 5.05496e-06
65.6 4.78214e-06
65.7 4.50123e-06
65.8 4.21518e-06
65.9 3.92688e-06
66 3.63914e-06
66.1 3.35461e-06
66.2 3.07577e-06
66.3 2.80485e-06
66.4 2.54387e-06
66.5 2.29452e-06
66.6 2.05825e-06
66.7 1.83621e-06
66.8 1.62923e-06
66.9 1.43791e-06
67 1.26255e-06
67.1 1.10328e-06
67.2 9.59975e-07
67.3 8.32371e-07
67.4 7.20067e-07
67.5 6.22574e-07
67.6 5.39346e-07
67.7 4.69819e-07
67.8 4.1344e-07
67.9 3.69698e-07
68 3.38146e-07
68.1 3.1842e-07
68.2 3.10252e-07
68.3 3.13477e-07
68.4 3.28031e-07
68.5 3.53946e-07
68.6 3.91336e-07
68.7 4.40378e-07
68.8 5.01289e-07
68.9 5.74293e-07
69 6.5959e-07
69.1 7.57315e-07
69.2 8.67506e-07
69.3 9.90054e-07
69.4 1.12468e-06
69.5 1.27088e-06
69.6 1.42791e-06
69.7 1.59477e-06
69.8 1.77016e-06
69.9 1.95249e-06
70 2.13988e-06
70.1 2.33021e-06
70.2 2.52108e-06
70.3 2.70992e-06
70.4 2.89397e-06
70.5 3.07042e-06
70.6 3.2364e-06
70.7 3.38912e-06
70.8 3.52591e-06
70.9 3.64428e-06
71 3.74205e-06
71.1 3.81737e-06
71.2 3.8688e-06
71.3 3.89531e-06
71.4 3.89642e-06
71.5 3.87209e-06
71.6 3.8228e-06
71.7 3.7495e-06
71.8 3.65361e-06
71.9 3.53692e-06
72 3.40161e-06
72.1 3.25013e-06
72.2 3.08512e-06
72.3 2.90938e-06
72.4 2.72573e-06
72.5 2.53701e-06
72.6 2.34595e-06
72.7 2.15511e-06
72.8 1.96687e-06
72.9 1.78336e-06
73 1.60642e-06
73.1 1.43759e-06
73.2 1.2781e-06
73.3 1.12889e-06
73.4 9.90591e-07
73.5 8.63561e-07
73.6 7.47908e-07
73.7 6.43515e-07
73.8 5.50079e-07
73.9 4.67141e-07
74 3.94118e-07
74.1 3.3034e-07
74.2 2.75075e-07
74.3 2.27561e-07
74.4 1.87025e-07
74.5 1.52707e-07
74.6 1.23872e-07
74.7 9.98256e-08
74.8 7.99223e-08
74.9 6.35697e-08
75 5.02329e-08
75.1 3.9435e-08
75.2 3.07561e-08
75.3 2.38307e-08
75.4 1.83442e-08
75.5 1.40287e-08
75.6 1.06584e-08
75.7 8.04488e-09
75.8 6.03261e-09
75.9 4.49414e-09
76 3.32616e-09
