-4 2.93639e-06
-3.9 3.92858e-06
-3.8 5.22541e-06
-3.7 6.91089e-06
-3.6 9.08791e-06
-3.5 1.18826e-05
-3.4 1.54511e-05
-3.3 1.99799e-05
-3.2 2.56927e-05
-3.1 3.2858e-05
-3 4.17925e-05
-2.9 5.28689e-05
-2.8 6.65216e-05
-2.7 8.32536e-05
-2.6 0.000103642
-2.5 0.000128345
-2.4 0.000158108
-2.3 0.000193766
-2.2 0.000236247
-2.1 0.000286577
-2 0.000345878
-1.9 0.000415367
-1.8 0.000496354
-1.7 0.000590232
-1.6 0.000698474
-1.5 0.000822617
-1.4 0.000964249
-1.3 0.001125
-1.2 0.00130651
-1.1 0.00151042
-1 0.00173834
-0.9 0.00199185
-0.8 0.00227243
-0.7 0.00258147
-0.6 0.00292023
-0.5 0.00328985
-0.4 0.00369125
-0.3 0.00412521
-0.2 0.00459225
-0.1 0.00509271
2.41474e-15 0.00562666
0.1 0.00619395
0.2 0.00679416
0.3 0.00742664
0.4 0.0080905
0.5 0.0087846
0.6 0.00950758
0.7 0.0102579
0.8 0.0110338
0.9 0.0118333
1 0.0126545
1.1 0.0134951
1.2 0.0143528
1.3 0.0152254
1.4 0.0161104
1.5 0.0170055
1.6 0.0179082
1.7 0.0188163
1.8 0.0197273
1.9 0.0206392
2 0.0215497
2.1 0.0224568
2.2 0.0233587
2.3 0.0242535
2.4 0.0251395
2.5 0.0260152
2.6 0.0268792
2.7 0.0277302
2.8 0.0285672
2.9 0.029389
3 0.0301948
3.1 0.0309837
3.2 0.0317551
3.3 0.0325083
3.4 0.0332428
3.5 0.033958
3.6 0.0346536
3.7 0.0353292
3.8 0.0359843
3.9 0.0366187
4 0.037232
4.1 0.037824
4.2 0.0383943
4.3 0.0389428
4.4 0.039469
4.5 0.0399729
4.6 0.0404542
4.7 0.0409126
4.8 0.041348
4.9 0.0417603
5 0.0421493
5.1 0.0425149
5.2 0.0428572
5.3 0.0431761
5.4 0.0434717
5.5 0.0437442
5.6 0.0439937
5.7 0.0442206
5.8 0.0444251
5.9 0.0446076
6 0.0447687
6.1 0.0449088
6.2 0.0450286
6.3 0.0451286
6.4 0.0452097
6.5 0.0452724
6.6 0.0453176
6.7 0.045346
6.8 0.0453585
6.9 0.0453559
7 0.0453389
7.1 0.0453082
7.2 0.0452648
7.3 0.0452091
7.4 0.045142
7.5 0.0450641
7.6 0.0449758
7.7 0.0448777
7.8 0.0447704
7.9 0.0446541
8 0.0445293
8.1 0.0443963
8.2 0.0442554
8.3 0.0441069
8.4 0.0439511
8.5 0.0437881
8.6 0.0436184
8.7 0.043442
8.8 0.0432594
8.9 0.0430709
9 0.0428767
9.1 0.0426772
9.2 0.042473
9.3 0.0422643
9.4 0.0420518
9.5 0.0418359
9.6 0.0416173
9.7 0.0413965
9.8 0.0411742
9.9 0.0409511
10 0.0407279
10.1 0.0405052
10.2 0.0402838
10.3 0.0400644
10.4 0.0398476
10.5 0.0396342
10.6 0.0394249
10.7 0.0392201
10.8 0.0390205
10.9 0.0388267
11 0.038639
11.1 0.038458
11.2 0.038284
11.3 0.0381172
11.4 0.037958
11.5 0.0378065
11.6 0.0376629
11.7 0.0375271
11.8 0.0373993
11.9 0.0372793
12 0.0371672
12.1 0.0370627
12.2 0.0369657
12.3 0.036876
12.4 0.0367934
12.5 0.0367177
12.6 0.0366484
12.7 0.0365853
12.8 0.0365281
12.9 0.0364764
13 0.0364297
13.1 0.0363876
13.2 0.0363497
13.3 0.0363155
13.4 0.0362846
13.5 0.0362563
13.6 0.0362301
13.7 0.0362055
13.8 0.036182
13.9 0.0361589
14 0.0361358
14.1 0.0361122
14.2 0.0360875
14.3 0.0360613
14.4 0.0360331
14.5 0.0360028
14.6 0.0359698
14.7 0.0359341
14.8 0.0358954
14.9 0.0358536
15 0.0358086
15.1 0.0357606
15.2 0.0357095
15.3 0.0356554
15.4 0.0355984
15.5 0.0355388
15.6 0.0354765
15.7 0.0354118
15.8 0.0353448
15.9 0.0352755
16 0.0352039
16.1 0.0351301
16.2 0.0350539
16.3 0.0349751
16.4 0.0348936
16.5 0.0348091
16.6 0.0347211
16.7 0.0346294
16.8 0.0345334
16.9 0.0344326
17 0.0343266
17.1 0.0342149
17.2 0.0340968
17.3 0.033972
17.4 0.0338399
17.5 0.0337001
17.6 0.0335523
17.7 0.033396
17.8 0.0332311
17.9 0.0330574
18 0.0328748
18.1 0.0326831
18.2 0.0324825
18.3 0.0322731
18.4 0.032055
18.5 0.0318285
18.6 0.0315938
18.7 0.0313514
18.8 0.0311015
18.9 0.0308446
19 0.0305812
19.1 0.0303117
19.2 0.0300366
19.3 0.0297563
19.4 0.0294715
19.5 0.0291825
19.6 0.02889
19.7 0.0285943
19.8 0.028296
19.9 0.0279956
20 0.0276935
20.1 0.0273902
20.2 0.0270861
20.3 0.0267817
20.4 0.0264774
20.5 0.0261735
20.6 0.0258706
20.7 0.0255689
20.8 0.0252688
20.9 0.0249707
21 0.024675
21.1 0.024382
21.2 0.024092
21.3 0.0238054
21.4 0.0235225
21.5 0.0232435
21.6 0.0229688
21.7 0.0226986
21.8 0.0224332
21.9 0.0221729
22 0.0219178
22.1 0.0216681
22.2 0.021424
22.3 0.0211857
22.4 0.0209532
22.5 0.0207266
22.6 0.0205059
22.7 0.0202912
22.8 0.0200825
22.9 0.0198796
23 0.0196827
23.1 0.0194914
23.2 0.0193058
23.3 0.0191258
23.4 0.0189511
23.5 0.0187816
23.6 0.0186173
23.7 0.0184578
23.8 0.0183031
23.9 0.018153
24 0.0180073
24.1 0.0178657
24.2 0.0177282
24.3 0.0175945
24.4 0.0174644
24.5 0.0173377
24.6 0.0172142
24.7 0.0170937
24.8 0.016976
24.9 0.0168608
25 0.016748
25.1 0.0166373
25.2 0.0165285
25.3 0.0164213
25.4 0.0163157
25.5 0.0162113
25.6 0.016108
25.7 0.0160057
25.8 0.0159041
25.9 0.0158032
26 0.0157029
26.1 0.015603
26.2 0.0155035
26.3 0.0154045
26.4 0.0153058
26.5 0.0152074
26.6 0.0151096
26.7 0.0150121
26.8 0.0149153
26.9 0.0148191
27 0.0147238
27.1 0.0146293
27.2 0.0145359
27.3 0.0144437
27.4 0.0143528
27.5 0.0142635
27.6 0.0141757
27.7 0.0140897
27.8 0.0140055
27.9 0.0139233
28 0.0138431
28.1 0.0137649
28.2 0.0136887
28.3 0.0136144
28.4 0.013542
28.5 0.0134714
28.6 0.0134023
28.7 0.0133346
28.8 0.0132679
28.9 0.0132021
29 0.0131367
29.1 0.0130714
29.2 0.0130059
29.3 0.0129397
29.4 0.0128724
29.5 0.0128036
29.6 0.0127331
29.7 0.0126602
29.8 0.0125849
29.9 0.0125067
30 0.0124253
30.1 0.0123407
30.2 0.0122526
30.3 0.0121609
30.4 0.0120656
30.5 0.0119668
30.6 0.0118645
30.7 0.011759
30.8 0.0116503
30.9 0.0115387
31 0.0114246
31.1 0.0113082
31.2 0.0111898
31.3 0.0110699
31.4 0.0109487
31.5 0.0108267
31.6 0.010704
31.7 0.0105812
31.8 0.0104584
31.9 0.0103359
32 0.010214
32.1 0.0100929
32.2 0.00997269
32.3 0.00985359
32.4 0.00973568
32.5 0.00961904
32.6 0.00950373
32.7 0.00938979
32.8 0.00927722
32.9 0.00916603
33 0.00905623
33.1 0.00894779
33.2 0.00884071
33.3 0.00873498
33.4 0.0086306
33.5 0.00852758
33.6 0.00842593
33.7 0.00832569
33.8 0.00822688
33.9 0.00812957
34 0.0080338
34.1 0.00793965
34.2 0.00784718
34.3 0.00775646
34.4 0.00766757
34.5 0.00758058
34.6 0.00749553
34.7 0.00741249
34.8 0.00733149
34.9 0.00725256
35 0.0071757
35.1 0.00710093
35.2 0.00702821
35.3 0.00695752
35.4 0.00688883
35.5 0.00682208
35.6 0.00675723
35.7 0.00669421
35.8 0.00663298
35.9 0.00657349
36 0.0065157
36.1 0.00645956
36.2 0.00640507
36.3 0.0063522
36.4 0.00630097
36.5 0.00625138
36.6 0.00620345
36.7 0.00615722
36.8 0.00611271
36.9 0.00606997
37 0.00602902
37.1 0.0059899
37.2 0.00595264
37.3 0.00591724
37.4 0.0058837
37.5 0.00585202
37.6 0.00582217
37.7 0.00579411
37.8 0.00576777
37.9 0.0057431
38 0.00572001
38.1 0.00569842
38.2 0.00567822
38.3 0.00565933
38.4 0.00564163
38.5 0.00562502
38.6 0.00560941
38.7 0.00559471
38.8 0.00558082
38.9 0.00556767
39 0.00555517
39.1 0.00554326
39.2 0.00553187
39.3 0.00552095
39.4 0.00551042
39.5 0.00550023
39.6 0.00549032
39.7 0.0054806
39.8 0.00547102
39.9 0.00546148
40 0.0054519
40.1 0.00544217
40.2 0.00543219
40.3 0.00542184
40.4 0.00541099
40.5 0.00539953
40.6 0.00538731
40.7 0.00537422
40.8 0.00536012
40.9 0.00534491
41 0.00532847
41.1 0.00531072
41.2 0.00529157
41.3 0.00527097
41.4 0.00524888
41.5 0.00522529
41.6 0.0052002
41.7 0.00517365
41.8 0.00514569
41.9 0.00511639
42 0.00508584
42.1 0.00505415
42.2 0.00502144
42.3 0.00498784
42.4 0.00495348
42.5 0.00491851
42.6 0.00488305
42.7 0.00484724
42.8 0.00481119
42.9 0.00477502
43 0.0047388
43.1 0.00470263
43.2 0.00466655
43.3 0.0046306
43.4 0.00459479
43.5 0.00455913
43.6 0.00452358
43.7 0.00448811
43.8 0.00445266
43.9 0.00441716
44 0.00438152
44.1 0.00434566
44.2 0.00430949
44.3 0.00427291
44.4 0.00423582
44.5 0.00419814
44.6 0.0041598
44.7 0.00412071
44.8 0.00408082
44.9 0.00404009
45 0.00399848
45.1 0.00395598
45.2 0.0039126
45.3 0.00386834
45.4 0.00382325
45.5 0.00377736
45.6 0.00373074
45.7 0.00368344
45.8 0.00363555
45.9 0.00358714
46 0.0035383
46.1 0.0034891
46.2 0.00343963
46.3 0.00338996
46.4 0.00334017
46.5 0.00329032
46.6 0.00324047
46.7 0.00319067
46.8 0.00314095
46.9 0.00309134
47 0.00304186
47.1 0.00299252
47.2 0.00294333
47.3 0.00289427
47.4 0.00284534
47.5 0.00279653
47.6 0.0027478
47.7 0.00269916
47.8 0.00265056
47.9 0.002602
48 0.00255345
48.1 0.0025049
48.2 0.00245634
48.3 0.00240775
48.4 0.00235914
48.5 0.0023105
48.6 0.00226185
48.7 0.00221317
48.8 0.0021645
48.9 0.00211584
49 0.00206721
49.1 0.00201863
49.2 0.00197013
49.3 0.00192173
49.4 0.00187346
49.5 0.00182535
49.6 0.00177743
49.7 0.00172972
49.8 0.00168226
49.9 0.00163508
50 0.00158822
50.1 0.0015417
50.2 0.00149557
50.3 0.00144984
50.4 0.00140457
50.5 0.00135978
50.6 0.00131551
50.7 0.00127179
50.8 0.00122866
50.9 0.00118614
51 0.00114427
51.1 0.00110308
51.2 0.00106259
51.3 0.00102284
51.4 0.000983847
51.5 0.000945639
51.6 0.000908236
51.7 0.00087166
51.8 0.000835929
51.9 0.000801061
52 0.000767072
52.1 0.000733975
52.2 0.000701784
52.3 0.000670508
52.4 0.000640158
52.5 0.000610739
52.6 0.000582256
52.7 0.000554711
52.8 0.000528105
52.9 0.000502434
53 0.000477693
53.1 0.000453874
53.2 0.000430967
53.3 0.000408957
53.4 0.00038783
53.5 0.000367566
53.6 0.000348147
53.7 0.000329551
53.8 0.000311756
53.9 0.000294738
54 0.000278473
54.1 0.000262936
54.2 0.000248105
54.3 0.000233955
54.4 0.000220462
54.5 0.000207606
54.6 0.000195364
54.7 0.000183714
54.8 0.000172638
54.9 0.000162115
55 0.000152127
55.1 0.000142655
55.2 0.000133681
55.3 0.000125187
55.4 0.000117154
55.5 0.000109565
55.6 0.000102402
55.7 9.56459e-05
55.8 8.92785e-05
55.9 8.32815e-05
56 7.76365e-05
56.1 7.23249e-05
56.2 6.7329e-05
56.3 6.26309e-05
56.4 5.82134e-05
56.5 5.406e-05
56.6 5.01549e-05
56.7 4.64835e-05
56.8 4.30317e-05
56.9 3.97866e-05
57 3.67367e-05
57.1 3.3871e-05
57.2 3.11802e-05
57.3 2.86556e-05
57.4 2.62897e-05
57.5 2.40761e-05
57.6 2.20086e-05
57.7 2.00822e-05
57.8 1.82923e-05
57.9 1.6635e-05
58 1.51063e-05
58.1 1.37027e-05
58.2 1.24208e-05
58.3 1.12572e-05
58.4 1.02081e-05
58.5 9.27017e-06
58.6 8.4391e-06
58.7 7.71061e-06
58.8 7.08014e-06
58.9 6.5425e-06
59 6.09231e-06
59.1 5.72368e-06
59.2 5.43042e-06
59.3 5.20591e-06
59.4 5.04342e-06
59.5 4.93578e-06
59.6 4.87586e-06
59.7 4.8564e-06
59.8 4.87015e-06
59.9 4.91007e-06
60 4.96938e-06
60.1 5.04164e-06
60.2 5.12092e-06
60.3 5.20186e-06
60.4 5.27981e-06
60.5 5.35074e-06
60.6 5.41162e-06
60.7 5.46009e-06
60.8 5.49481e-06
60.9 5.51527e-06
61 5.52175e-06
61.1 5.5154e-06
61.2 5.49802e-06
61.3 5.47217e-06
61.4 5.44079e-06
61.5 5.40722e-06
61.6 5.37511e-06
61.7 5.34819e-06
61.8 5.3301e-06
61.9 5.32437e-06
62 5.33416e-06
62.1 5.36221e-06
62.2 5.41075e-06
62.3 5.48137e-06
62.4 5.57496e-06
62.5 5.69178e-06
62.6 5.83126e-06
62.7 5.99222e-06
62.8 6.17274e-06
62.9 6.37028e-06
63 6.58175e-06
63.1 6.80364e-06
63.2 7.03199e-06
63.3 7.2626e-06
63.4 7.4911e-06
63.5 7.71305e-06
63.6 7.92404e-06
63.7 8.11985e-06
63.8 8.29639e-06
63.9 8.44994e-06
64 8.57712e-06
64.1 8.67499e-06
64.2 8.74109e-06
64.3 8.77348e-06
64.4 8.77074e-06
64.5 8.732e-06
64.6 8.65698e-06
64.7 8.54592e-06
64.8 8.3996e-06
64.9 8.21931e-06
65 8.00683e-06
65.1 7.76436e-06
65.2 7.49451e-06
65.3 7.20023e-06
65.4 6.88473e-06
65.5 6.55145e-06
65.6 6.20398e-06
65.7 5.84599e-06
65.8 5.48116e-06
65.9 5.11313e-06
66 4.7454e-06
66.1 4.38131e-06
66.2 4.02395e-06
66.3 3.67615e-06
66.4 3.34042e-06
66.5 3.01891e-06
66.6 2.71341e-06
66.7 2.42535e-06
66.8 2.15579e-06
66.9 1.90541e-06
67 1.67455e-06
67.1 1.46323e-06
67.2 1.27123e-06
67.3 1.09802e-06
67.4 9.4287e-07
67.5 8.04885e-07
67.6 6.83034e-07
67.7 5.76185e-07
67.8 4.83149e-07
67.9 4.02704e-07
68 3.33631e-07
68.1 2.74733e-07
68.2 2.24859e-07
68.3 1.82917e-07
68.4 1.47889e-07
68.5 1.18835e-07
68.6 9.49016e-08
68.7 7.53212e-08
68.8 5.94112e-08
68.9 4.65716e-08
