-5 1.07157e-06
-4.9 1.38029e-06
-4.8 1.77104e-06
-4.7 2.26266e-06
-4.6 2.87899e-06
-4.5 3.64918e-06
-4.4 4.60675e-06
-4.3 5.7928e-06
-4.2 7.25677e-06
-4.1 9.05553e-06
-4 1.12575e-05
-3.9 1.39408e-05
-3.8 1.71995e-05
-3.7 2.11402e-05
-3.6 2.58873e-05
-3.5 3.15839e-05
-3.4 3.8393e-05
-3.3 4.65005e-05
-3.2 5.61174e-05
-3.1 6.74809e-05
-3 8.08572e-05
-2.9 9.65454e-05
-2.8 0.000114876
-2.7 0.000136214
-2.6 0.000160963
-2.5 0.000189562
-2.4 0.00022249
-2.3 0.00026027
-2.2 0.000303462
-2.1 0.000352666
-2 0.000408526
-1.9 0.000471724
-1.8 0.000542978
-1.7 0.000623046
-1.6 0.000712717
-1.5 0.000812811
-1.4 0.000924176
-1.3 0.00104768
-1.2 0.00118422
-1.1 0.00133468
-1 0.00149999
-0.9 0.00168103
-0.8 0.00187873
-0.7 0.00209396
-0.6 0.0023276
-0.5 0.00258049
-0.4 0.00285344
-0.3 0.00314722
-0.2 0.00346255
-0.1 0.00380011
-1.02696e-15 0.00416049
0.1 0.00454423
0.2 0.00495182
0.3 0.00538363
0.4 0.00583997
0.5 0.00632108
0.6 0.00682709
0.7 0.00735804
0.8 0.00791389
0.9 0.00849448
1 0.00909959
1.1 0.00972888
1.2 0.0103819
1.3 0.0110582
1.4 0.0117571
1.5 0.0124779
1.6 0.0132198
1.7 0.0139819
1.8 0.0147634
1.9 0.0155631
2 0.01638
2.1 0.0172129
2.2 0.0180606
2.3 0.0189218
2.4 0.0197951
2.5 0.0206793
2.6 0.0215729
2.7 0.0224745
2.8 0.0233826
2.9 0.0242959
3 0.0252127
3.1 0.0261318
3.2 0.0270515
3.3 0.0279706
3.4 0.0288875
3.5 0.029801
3.6 0.0307096
3.7 0.0316121
3.8 0.0325073
3.9 0.0333938
4 0.0342707
4.1 0.0351368
4.2 0.035991
4.3 0.0368325
4.4 0.0376602
4.5 0.0384735
4.6 0.0392713
4.7 0.0400531
4.8 0.0408181
4.9 0.0415656
5 0.0422951
5.1 0.043006
5.2 0.0436977
5.3 0.0443697
5.4 0.0450214
5.5 0.0456523
5.6 0.0462619
5.7 0.0468497
5.8 0.047415
5.9 0.0479574
6 0.0484762
6.1 0.0489707
6.2 0.0494404
6.3 0.0498846
6.4 0.0503024
6.5 0.0506933
6.6 0.0510564
6.7 0.051391
6.8 0.0516963
6.9 0.0519716
7 0.0522162
7.1 0.0524292
7.2 0.0526102
7.3 0.0527584
7.4 0.0528733
7.5 0.0529546
7.6 0.0530018
7.7 0.0530148
7.8 0.0529934
7.9 0.0529377
8 0.052848
8.1 0.0527244
8.2 0.0525675
8.3 0.0523781
8.4 0.0521568
8.5 0.0519048
8.6 0.0516231
8.7 0.0513131
8.8 0.0509761
8.9 0.0506137
9 0.0502277
9.1 0.0498198
9.2 0.0493919
9.3 0.0489459
9.4 0.0484837
9.5 0.0480076
9.6 0.0475193
9.7 0.0470211
9.8 0.0465149
9.9 0.0460027
10 0.0454864
10.1 0.044968
10.2 0.0444492
10.3 0.0439318
10.4 0.0434173
10.5 0.0429074
10.6 0.0424034
10.7 0.0419068
10.8 0.0414188
10.9 0.0409405
11 0.0404731
11.1 0.0400175
11.2 0.0395747
11.3 0.0391455
11.4 0.0387306
11.5 0.0383308
11.6 0.0379467
11.7 0.037579
11.8 0.0372282
11.9 0.0368949
12 0.0365795
12.1 0.0362824
12.2 0.0360042
12.3 0.0357451
12.4 0.0355056
12.5 0.0352859
12.6 0.0350862
12.7 0.0349068
12.8 0.0347479
12.9 0.0346094
13 0.0344915
13.1 0.0343941
13.2 0.034317
13.3 0.0342602
13.4 0.0342232
13.5 0.0342058
13.6 0.0342075
13.7 0.0342278
13.8 0.0342661
13.9 0.0343216
14 0.0343937
14.1 0.0344813
14.2 0.0345837
14.3 0.0346998
14.4 0.0348286
14.5 0.034969
14.6 0.0351198
14.7 0.0352798
14.8 0.0354478
14.9 0.0356227
15 0.035803
15.1 0.0359876
15.2 0.0361752
15.3 0.0363646
15.4 0.0365544
15.5 0.0367434
15.6 0.0369305
15.7 0.0371143
15.8 0.0372938
15.9 0.0374677
16 0.037635
16.1 0.0377945
16.2 0.0379451
16.3 0.0380859
16.4 0.0382157
16.5 0.0383337
16.6 0.038439
16.7 0.0385305
16.8 0.0386076
16.9 0.0386693
17 0.0387149
17.1 0.0387438
17.2 0.0387552
17.3 0.0387486
17.4 0.0387234
17.5 0.0386792
17.6 0.0386156
17.7 0.0385323
17.8 0.038429
17.9 0.0383056
18 0.0381619
18.1 0.037998
18.2 0.037814
18.3 0.03761
18.4 0.0373862
18.5 0.0371428
18.6 0.0368804
18.7 0.0365993
18.8 0.0363
18.9 0.0359829
19 0.0356488
19.1 0.0352983
19.2 0.0349319
19.3 0.0345504
19.4 0.0341544
19.5 0.0337447
19.6 0.033322
19.7 0.0328871
19.8 0.0324405
19.9 0.0319832
20 0.0315156
20.1 0.0310387
20.2 0.0305529
20.3 0.0300591
20.4 0.0295579
20.5 0.0290499
20.6 0.0285358
20.7 0.0280163
20.8 0.0274918
20.9 0.0269632
21 0.026431
21.1 0.0258958
21.2 0.0253583
21.3 0.0248192
21.4 0.024279
21.5 0.0237386
21.6 0.0231984
21.7 0.0226593
21.8 0.0221219
21.9 0.021587
22 0.0210553
22.1 0.0205275
22.2 0.0200044
22.3 0.0194867
22.4 0.0189752
22.5 0.0184708
22.6 0.017974
22.7 0.0174858
22.8 0.0170069
22.9 0.0165381
23 0.01608
23.1 0.0156334
23.2 0.0151989
23.3 0.0147774
23.4 0.0143692
23.5 0.0139752
23.6 0.0135957
23.7 0.0132313
23.8 0.0128825
23.9 0.0125496
24 0.012233
24.1 0.0119329
24.2 0.0116495
24.3 0.0113831
24.4 0.0111335
24.5 0.010901
24.6 0.0106853
24.7 0.0104864
24.8 0.010304
24.9 0.0101379
25 0.00998768
25.1 0.00985305
25.2 0.00973349
25.3 0.00962849
25.4 0.00953747
25.5 0.00945981
25.6 0.00939484
25.7 0.00934184
25.8 0.00930006
25.9 0.00926872
26 0.009247
26.1 0.00923406
26.2 0.00922903
26.3 0.00923106
26.4 0.00923924
26.5 0.00925268
26.6 0.0092705
26.7 0.00929179
26.8 0.00931568
26.9 0.00934128
27 0.00936774
27.1 0.00939422
27.2 0.00941989
27.3 0.00944397
27.4 0.0094657
27.5 0.00948434
27.6 0.00949922
27.7 0.00950969
27.8 0.00951515
27.9 0.00951506
28 0.00950891
28.1 0.00949628
28.2 0.00947679
28.3 0.00945013
28.4 0.00941605
28.5 0.00937438
28.6 0.00932501
28.7 0.00926791
28.8 0.00920313
28.9 0.00913079
29 0.00905107
29.1 0.00896425
29.2 0.00887065
29.3 0.0087707
29.4 0.00866485
29.5 0.00855365
29.6 0.00843768
29.7 0.00831761
29.8 0.00819412
29.9 0.00806796
30 0.00793989
30.1 0.00781073
30.2 0.00768129
30.3 0.00755242
30.4 0.00742497
30.5 0.00729981
30.6 0.00717776
30.7 0.00705969
30.8 0.00694641
30.9 0.00683872
31 0.0067374
31.1 0.0066432
31.2 0.00655681
31.3 0.00647892
31.4 0.00641014
31.5 0.00635104
31.6 0.00630215
31.7 0.00626394
31.8 0.00623681
31.9 0.00622113
32 0.00621718
32.1 0.00622519
32.2 0.00624531
32.3 0.00627765
32.4 0.00632223
32.5 0.00637901
32.6 0.00644787
32.7 0.00652864
32.8 0.00662107
32.9 0.00672483
33 0.00683955
33.1 0.00696478
33.2 0.0071
33.3 0.00724465
33.4 0.00739811
33.5 0.00755969
33.6 0.00772868
33.7 0.00790432
33.8 0.00808582
33.9 0.00827234
34 0.00846305
34.1 0.00865709
34.2 0.00885358
34.3 0.00905165
34.4 0.00925043
34.5 0.00944906
34.6 0.0096467
34.7 0.00984253
34.8 0.0100358
34.9 0.0102256
35 0.0104114
35.1 0.0105923
35.2 0.0107679
35.3 0.0109374
35.4 0.0111003
35.5 0.0112561
35.6 0.0114044
35.7 0.0115447
35.8 0.0116767
35.9 0.0118
36 0.0119145
36.1 0.0120199
36.2 0.0121159
36.3 0.0122026
36.4 0.0122797
36.5 0.0123473
36.6 0.0124053
36.7 0.0124538
36.8 0.0124928
36.9 0.0125223
37 0.0125425
37.1 0.0125536
37.2 0.0125556
37.3 0.0125486
37.4 0.012533
37.5 0.0125088
37.6 0.0124763
37.7 0.0124357
37.8 0.012387
37.9 0.0123307
38 0.0122668
38.1 0.0121956
38.2 0.0121172
38.3 0.0120319
38.4 0.0119399
38.5 0.0118413
38.6 0.0117364
38.7 0.0116254
38.8 0.0115084
38.9 0.0113856
39 0.0112572
39.1 0.0111235
39.2 0.0109847
39.3 0.0108409
39.4 0.0106923
39.5 0.0105393
39.6 0.0103821
39.7 0.0102209
39.8 0.0100559
39.9 0.00988753
40 0.00971596
40.1 0.00954151
40.2 0.00936449
40.3 0.00918519
40.4 0.00900393
40.5 0.00882102
40.6 0.00863677
40.7 0.00845149
40.8 0.00826549
40.9 0.00807908
41 0.00789253
41.1 0.00770614
41.2 0.00752017
41.3 0.00733489
41.4 0.00715053
41.5 0.00696733
41.6 0.00678548
41.7 0.0066052
41.8 0.00642665
41.9 0.00625
42 0.0060754
42.1 0.00590297
42.2 0.00573282
42.3 0.00556508
42.4 0.00539981
42.5 0.00523712
42.6 0.00507705
42.7 0.00491968
42.8 0.00476505
42.9 0.00461322
43 0.00446423
43.1 0.0043181
43.2 0.00417487
43.3 0.00403456
43.4 0.00389721
43.5 0.00376282
43.6 0.00363142
43.7 0.00350301
43.8 0.00337762
43.9 0.00325523
44 0.00313585
44.1 0.00301947
44.2 0.00290609
44.3 0.0027957
44.4 0.00268826
44.5 0.00258377
44.6 0.00248218
44.7 0.00238346
44.8 0.00228756
44.9 0.00219445
45 0.00210407
45.1 0.00201637
45.2 0.00193129
45.3 0.00184876
45.4 0.00176874
45.5 0.00169115
45.6 0.00161594
45.7 0.00154304
45.8 0.00147239
45.9 0.00140395
46 0.00133764
46.1 0.00127344
46.2 0.00121128
46.3 0.00115113
46.4 0.00109296
46.5 0.00103672
46.6 0.000982394
46.7 0.000929954
46.8 0.00087938
46.9 0.000830655
47 0.000783763
47.1 0.000738692
47.2 0.000695429
47.3 0.000653963
47.4 0.000614283
47.5 0.000576375
47.6 0.000540227
47.7 0.000505822
47.8 0.000473142
47.9 0.000442164
48 0.000412865
48.1 0.000385214
48.2 0.000359179
48.3 0.000334723
48.4 0.000311806
48.5 0.000290381
48.6 0.000270401
48.7 0.000251813
48.8 0.000234561
48.9 0.000218586
49 0.000203826
49.1 0.000190218
49.2 0.000177696
49.3 0.000166191
49.4 0.000155637
49.5 0.000145966
49.6 0.00013711
49.7 0.000129001
49.8 0.000121574
49.9 0.000114765
50 0.000108511
50.1 0.000102754
50.2 9.74365e-05
50.3 9.25073e-05
50.4 8.79166e-05
50.5 8.36195e-05
50.6 7.9575e-05
50.7 7.57461e-05
50.8 7.21005e-05
50.9 6.861e-05
51 6.52504e-05
51.1 6.20021e-05
51.2 5.88487e-05
51.3 5.57776e-05
51.4 5.27801e-05
51.5 4.98496e-05
51.6 4.69831e-05
51.7 4.41799e-05
51.8 4.14404e-05
51.9 3.87673e-05
52 3.61644e-05
52.1 3.36362e-05
52.2 3.1188e-05
52.3 2.88249e-05
52.4 2.65524e-05
52.5 2.43753e-05
52.6 2.22982e-05
52.7 2.03249e-05
52.8 1.84586e-05
52.9 1.6701e-05
53 1.50538e-05
53.1 1.35168e-05
53.2 1.20899e-05
53.3 1.07711e-05
53.4 9.55799e-06
53.5 8.44761e-06
53.6 7.43624e-06
53.7 6.51942e-06
53.8 5.69228e-06
53.9 4.94971e-06
54 4.28625e-06
54.1 3.69631e-06
54.2 3.17425e-06
54.3 2.71458e-06
54.4 2.31159e-06
54.5 1.96028e-06
54.6 1.65533e-06
54.7 1.3919e-06
54.8 1.16547e-06
54.9 9.71715e-07
55 8.0665e-07
55.1 6.66831e-07
55.2 5.48851e-07
55.3 4.49844e-07
55.4 3.67113e-07
55.5 2.9831e-07
55.6 2.41323e-07
55.7 1.94413e-07
55.8 1.55946e-07
55.9 1.24514e-07
