-4 8.77934e-07
-3.9 1.22047e-06
-3.8 1.68452e-06
-3.7 2.30925e-06
-3.6 3.14486e-06
-3.5 4.25479e-06
-3.4 5.71892e-06
-3.3 7.63745e-06
-3.2 1.01346e-05
-3.1 1.33627e-05
-3 1.75085e-05
-2.9 2.27971e-05
-2.8 2.94988e-05
-2.7 3.7935e-05
-2.6 4.84846e-05
-2.5 6.15919e-05
-2.4 7.77702e-05
-2.3 9.76098e-05
-2.2 0.000121783
-2.1 0.000151047
-2 0.000186251
-1.9 0.00022833
-1.8 0.000278314
-1.7 0.000337316
-1.6 0.000406535
-1.5 0.000487241
-1.4 0.00058077
-1.3 0.000688509
-1.2 0.000811879
-1.1 0.000952316
-1 0.00111125
-0.9 0.00129009
-0.8 0.00149019
-0.7 0.00171282
-0.6 0.00195916
-0.5 0.00223027
-0.4 0.00252703
-0.3 0.0028502
-0.2 0.00320032
-0.1 0.00357773
2.41474e-15 0.00398257
0.1 0.00441476
0.2 0.00487399
0.3 0.00535973
0.4 0.00587125
0.5 0.00640761
0.6 0.00696768
0.7 0.00755015
0.8 0.00815358
0.9 0.00877637
1 0.00941685
1.1 0.0100732
1.2 0.0107437
1.3 0.0114264
1.4 0.0121195
1.5 0.0128211
1.6 0.0135293
1.7 0.0142424
1.8 0.0149587
1.9 0.0156765
2 0.0163944
2.1 0.0171107
2.2 0.0178242
2.3 0.0185336
2.4 0.0192377
2.5 0.0199356
2.6 0.0206263
2.7 0.0213088
2.8 0.0219825
2.9 0.0226468
3 0.0233009
3.1 0.0239445
3.2 0.0245771
3.3 0.0251982
3.4 0.0258075
3.5 0.0264049
3.6 0.0269899
3.7 0.0275624
3.8 0.0281221
3.9 0.0286689
4 0.0292025
4.1 0.0297228
4.2 0.0302297
4.3 0.0307228
4.4 0.0312021
4.5 0.0316672
4.6 0.0321182
4.7 0.0325546
4.8 0.0329763
4.9 0.0333832
5 0.0337748
5.1 0.0341512
5.2 0.0345119
5.3 0.0348568
5.4 0.0351858
5.5 0.0354985
5.6 0.0357949
5.7 0.0360748
5.8 0.0363381
5.9 0.0365846
6 0.0368145
6.1 0.0370276
6.2 0.037224
6.3 0.0374039
6.4 0.0375674
6.5 0.0377146
6.6 0.0378459
6.7 0.0379615
6.8 0.0380618
6.9 0.0381473
7 0.0382182
7.1 0.0382752
7.2 0.0383187
7.3 0.0383492
7.4 0.0383672
7.5 0.0383734
7.6 0.0383683
7.7 0.0383524
7.8 0.0383263
7.9 0.0382905
8 0.0382457
8.1 0.0381923
8.2 0.0381309
8.3 0.0380621
8.4 0.0379862
8.5 0.0379038
8.6 0.0378154
8.7 0.0377214
8.8 0.0376224
8.9 0.0375188
9 0.037411
9.1 0.0372996
9.2 0.0371848
9.3 0.0370673
9.4 0.0369474
9.5 0.0368257
9.6 0.0367025
9.7 0.0365783
9.8 0.0364536
9.9 0.0363288
10 0.0362044
10.1 0.0360809
10.2 0.0359586
10.3 0.0358381
10.4 0.0357196
10.5 0.0356036
10.6 0.0354905
10.7 0.0353804
10.8 0.0352738
10.9 0.0351708
11 0.0350716
11.1 0.0349762
11.2 0.0348849
11.3 0.0347975
11.4 0.0347141
11.5 0.0346345
11.6 0.0345586
11.7 0.0344862
11.8 0.0344172
11.9 0.0343513
12 0.0342881
12.1 0.0342276
12.2 0.0341693
12.3 0.0341131
12.4 0.0340586
12.5 0.0340057
12.6 0.033954
12.7 0.0339034
12.8 0.0338538
12.9 0.0338049
13 0.0337566
13.1 0.0337089
13.2 0.0336615
13.3 0.0336145
13.4 0.0335678
13.5 0.0335213
13.6 0.033475
13.7 0.0334289
13.8 0.0333829
13.9 0.0333369
14 0.0332911
14.1 0.0332452
14.2 0.0331993
14.3 0.0331534
14.4 0.0331073
14.5 0.0330612
14.6 0.0330149
14.7 0.0329685
14.8 0.032922
14.9 0.0328754
15 0.0328286
15.1 0.0327818
15.2 0.032735
15.3 0.0326881
15.4 0.0326414
15.5 0.0325947
15.6 0.0325482
15.7 0.0325019
15.8 0.0324558
15.9 0.0324098
16 0.0323639
16.1 0.0323181
16.2 0.0322722
16.3 0.0322261
16.4 0.0321796
16.5 0.0321325
16.6 0.0320844
16.7 0.0320352
16.8 0.0319845
16.9 0.0319319
17 0.0318772
17.1 0.0318199
17.2 0.0317597
17.3 0.0316963
17.4 0.0316294
17.5 0.0315586
17.6 0.0314838
17.7 0.0314046
17.8 0.0313209
17.9 0.0312325
18 0.0311394
18.1 0.0310415
18.2 0.0309386
18.3 0.0308309
18.4 0.0307184
18.5 0.030601
18.6 0.0304789
18.7 0.0303523
18.8 0.0302211
18.9 0.0300857
19 0.0299461
19.1 0.0298025
19.2 0.0296551
19.3 0.0295041
19.4 0.0293497
19.5 0.0291922
19.6 0.0290317
19.7 0.0288685
19.8 0.0287027
19.9 0.0285346
20 0.0283644
20.1 0.0281923
20.2 0.0280183
20.3 0.0278427
20.4 0.0276655
20.5 0.0274869
20.6 0.0273069
20.7 0.0271255
20.8 0.0269428
20.9 0.0267587
21 0.0265733
21.1 0.0263866
21.2 0.0261985
21.3 0.0260091
21.4 0.0258184
21.5 0.0256264
21.6 0.0254331
21.7 0.0252387
21.8 0.0250433
21.9 0.024847
22 0.0246499
22.1 0.0244523
22.2 0.0242544
22.3 0.0240564
22.4 0.0238585
22.5 0.023661
22.6 0.0234642
22.7 0.0232682
22.8 0.0230734
22.9 0.0228801
23 0.0226883
23.1 0.0224984
23.2 0.0223106
23.3 0.022125
23.4 0.0219417
23.5 0.021761
23.6 0.0215829
23.7 0.0214075
23.8 0.0212349
23.9 0.0210651
24 0.0208981
24.1 0.020734
24.2 0.0205727
24.3 0.0204141
24.4 0.0202583
24.5 0.0201052
24.6 0.0199548
24.7 0.0198069
24.8 0.0196615
24.9 0.0195185
25 0.019378
25.1 0.0192398
25.2 0.019104
25.3 0.0189705
25.4 0.0188394
25.5 0.0187106
25.6 0.0185843
25.7 0.0184605
25.8 0.0183392
25.9 0.0182206
26 0.0181048
26.1 0.0179919
26.2 0.0178819
26.3 0.017775
26.4 0.0176713
26.5 0.017571
26.6 0.017474
26.7 0.0173804
26.8 0.0172904
26.9 0.0172039
27 0.0171211
27.1 0.0170418
27.2 0.0169661
27.3 0.0168939
27.4 0.0168253
27.5 0.0167602
27.6 0.0166985
27.7 0.0166402
27.8 0.0165852
27.9 0.0165334
28 0.0164848
28.1 0.0164392
28.2 0.0163967
28.3 0.016357
28.4 0.0163202
28.5 0.0162859
28.6 0.0162542
28.7 0.0162248
28.8 0.0161975
28.9 0.0161721
29 0.0161482
29.1 0.0161256
29.2 0.016104
29.3 0.0160829
29.4 0.016062
29.5 0.0160408
29.6 0.0160189
29.7 0.0159958
29.8 0.0159711
29.9 0.0159444
30 0.0159153
30.1 0.0158834
30.2 0.0158483
30.3 0.0158098
30.4 0.0157675
30.5 0.0157214
30.6 0.0156713
30.7 0.015617
30.8 0.0155586
30.9 0.0154961
31 0.0154294
31.1 0.0153588
31.2 0.0152842
31.3 0.0152057
31.4 0.0151237
31.5 0.015038
31.6 0.014949
31.7 0.0148568
31.8 0.0147614
31.9 0.0146631
32 0.0145619
32.1 0.014458
32.2 0.0143515
32.3 0.0142425
32.4 0.0141312
32.5 0.0140176
32.6 0.013902
32.7 0.0137845
32.8 0.0136653
32.9 0.0135444
33 0.0134222
33.1 0.0132989
33.2 0.0131746
33.3 0.0130496
33.4 0.0129242
33.5 0.0127985
33.6 0.012673
33.7 0.0125478
33.8 0.0124232
33.9 0.0122995
34 0.012177
34.1 0.0120559
34.2 0.0119364
34.3 0.0118188
34.4 0.0117033
34.5 0.01159
34.6 0.0114791
34.7 0.0113708
34.8 0.0112652
34.9 0.0111622
35 0.011062
35.1 0.0109645
35.2 0.0108698
35.3 0.0107778
35.4 0.0106883
35.5 0.0106014
35.6 0.0105169
35.7 0.0104347
35.8 0.0103547
35.9 0.0102768
36 0.0102009
36.1 0.0101268
36.2 0.0100544
36.3 0.00998381
36.4 0.00991482
36.5 0.00984744
36.6 0.00978163
36.7 0.00971738
36.8 0.00965469
36.9 0.00959355
37 0.00953398
37.1 0.00947598
37.2 0.00941954
37.3 0.00936464
37.4 0.00931126
37.5 0.00925935
37.6 0.00920884
37.7 0.00915966
37.8 0.00911171
37.9 0.00906488
38 0.00901905
38.1 0.00897408
38.2 0.00892983
38.3 0.00888619
38.4 0.00884303
38.5 0.00880022
38.6 0.00875768
38.7 0.00871533
38.8 0.00867311
38.9 0.00863099
39 0.00858896
39.1 0.00854702
39.2 0.00850521
39.3 0.00846357
39.4 0.00842216
39.5 0.00838102
39.6 0.00834023
39.7 0.00829982
39.8 0.00825983
39.9 0.0082203
40 0.00818122
40.1 0.00814257
40.2 0.00810431
40.3 0.00806639
40.4 0.00802871
40.5 0.00799117
40.6 0.00795366
40.7 0.00791606
40.8 0.00787825
40.9 0.0078401
41 0.0078015
41.1 0.00776238
41.2 0.00772264
41.3 0.00768226
41.4 0.00764122
41.5 0.00759953
41.6 0.00755723
41.7 0.0075144
41.8 0.00747115
41.9 0.0074276
42 0.0073839
42.1 0.0073402
42.2 0.00729666
42.3 0.00725347
42.4 0.00721077
42.5 0.00716872
42.6 0.00712744
42.7 0.00708704
42.8 0.00704761
42.9 0.00700919
43 0.0069718
43.1 0.00693542
43.2 0.0069
43.3 0.00686547
43.4 0.0068317
43.5 0.00679856
43.6 0.00676589
43.7 0.00673351
43.8 0.00670121
43.9 0.00666879
44 0.00663606
44.1 0.00660278
44.2 0.00656877
44.3 0.00653383
44.4 0.00649776
44.5 0.00646041
44.6 0.00642163
44.7 0.00638128
44.8 0.00633926
44.9 0.00629547
45 0.00624985
45.1 0.00620235
45.2 0.00615294
45.3 0.00610161
45.4 0.00604837
45.5 0.00599324
45.6 0.00593627
45.7 0.0058775
45.8 0.00581701
45.9 0.00575487
46 0.00569117
46.1 0.00562601
46.2 0.00555949
46.3 0.00549173
46.4 0.00542285
46.5 0.00535298
46.6 0.00528224
46.7 0.00521077
46.8 0.00513869
46.9 0.00506615
47 0.00499326
47.1 0.00492014
47.2 0.00484691
47.3 0.00477365
47.4 0.00470047
47.5 0.00462742
47.6 0.00455457
47.7 0.00448195
47.8 0.0044096
47.9 0.0043375
48 0.00426565
48.1 0.00419402
48.2 0.00412257
48.3 0.00405125
48.4 0.00398
48.5 0.00390874
48.6 0.00383742
48.7 0.00376596
48.8 0.0036943
48.9 0.00362238
49 0.00355015
49.1 0.00347758
49.2 0.00340465
49.3 0.00333137
49.4 0.00325773
49.5 0.00318379
49.6 0.00310959
49.7 0.0030352
49.8 0.00296072
49.9 0.00288623
50 0.00281185
50.1 0.0027377
50.2 0.00266391
50.3 0.00259061
50.4 0.00251792
50.5 0.00244596
50.6 0.00237485
50.7 0.0023047
50.8 0.00223561
50.9 0.00216764
51 0.00210087
51.1 0.00203535
51.2 0.00197112
51.3 0.00190819
51.4 0.00184658
51.5 0.00178629
51.6 0.00172729
51.7 0.00166957
51.8 0.00161311
51.9 0.00155788
52 0.00150385
52.1 0.00145098
52.2 0.00139926
52.3 0.00134866
52.4 0.00129915
52.5 0.00125073
52.6 0.00120338
52.7 0.0011571
52.8 0.00111189
52.9 0.00106775
53 0.00102468
53.1 0.000982701
53.2 0.000941808
53.3 0.000902013
53.4 0.000863322
53.5 0.000825741
53.6 0.000789273
53.7 0.000753919
53.8 0.000719679
53.9 0.000686548
54 0.000654522
54.1 0.000623594
54.2 0.000593754
54.3 0.000564995
54.4 0.000537306
54.5 0.000510678
54.6 0.0004851
54.7 0.000460562
54.8 0.000437054
54.9 0.000414565
55 0.000393085
55.1 0.000372602
55.2 0.000353104
55.3 0.000334574
55.4 0.000316997
55.5 0.000300352
55.6 0.000284617
55.7 0.000269767
55.8 0.000255771
55.9 0.000242599
56 0.000230214
56.1 0.000218578
56.2 0.000207651
56.3 0.00019739
56.4 0.000187751
56.5 0.00017869
56.6 0.000170162
56.7 0.000162124
56.8 0.000154532
56.9 0.000147345
57 0.000140525
57.1 0.000134036
57.2 0.000127844
57.3 0.00012192
57.4 0.000116235
57.5 0.000110767
57.6 0.000105496
57.7 0.000100403
57.8 9.54757e-05
57.9 9.07015e-05
58 8.60719e-05
58.1 8.15809e-05
58.2 7.72243e-05
58.3 7.29996e-05
58.4 6.89065e-05
58.5 6.49458e-05
58.6 6.11196e-05
58.7 5.74309e-05
58.8 5.38834e-05
58.9 5.04812e-05
59 4.7229e-05
59.1 4.41309e-05
59.2 4.11913e-05
59.3 3.84139e-05
59.4 3.58019e-05
59.5 3.33575e-05
59.6 3.10822e-05
59.7 2.89761e-05
59.8 2.70383e-05
59.9 2.52665e-05
60 2.36573e-05
60.1 2.22056e-05
60.2 2.09055e-05
60.3 1.97495e-05
60.4 1.87295e-05
60.5 1.78362e-05
60.6 1.70597e-05
60.7 1.63897e-05
60.8 1.58154e-05
60.9 1.53261e-05
61 1.49113e-05
61.1 1.45607e-05
61.2 1.42643e-05
61.3 1.40132e-05
61.4 1.37988e-05
61.5 1.36135e-05
61.6 1.34507e-05
61.7 1.33042e-05
61.8 1.31692e-05
61.9 1.30412e-05
62 1.29168e-05
62.1 1.27928e-05
62.2 1.26669e-05
62.3 1.25371e-05
62.4 1.24018e-05
62.5 1.22599e-05
62.6 1.21102e-05
62.7 1.19521e-05
62.8 1.1785e-05
62.9 1.16086e-05
63 1.14227e-05
63.1 1.12276e-05
63.2 1.10236e-05
63.3 1.08115e-05
63.4 1.05921e-05
63.5 1.03668e-05
63.6 1.0137e-05
63.7 9.90455e-06
63.8 9.6715e-06
63.9 9.43995e-06
64 9.21222e-06
64.1 8.99055e-06
64.2 8.77712e-06
64.3 8.57399e-06
64.4 8.38298e-06
64.5 8.20554e-06
64.6 8.04278e-06
64.7 7.89535e-06
64.8 7.76339e-06
64.9 7.64658e-06
65 7.54404e-06
65.1 7.45445e-06
65.2 7.37599e-06
65.3 7.3065e-06
65.4 7.24344e-06
65.5 7.18406e-06
65.6 7.12544e-06
65.7 7.06462e-06
65.8 6.99872e-06
65.9 6.92499e-06
66 6.84099e-06
66.1 6.74463e-06
66.2 6.63429e-06
66.3 6.50884e-06
66.4 6.36779e-06
66.5 6.21122e-06
66.6 6.03989e-06
66.7 5.85516e-06
66.8 5.65907e-06
66.9 5.45415e-06
67 5.24349e-06
67.1 5.03057e-06
67.2 4.81923e-06
67.3 4.61347e-06
67.4 4.41742e-06
67.5 4.23516e-06
67.6 4.07062e-06
67.7 3.92743e-06
67.8 3.80881e-06
67.9 3.71751e-06
68 3.65563e-06
68.1 3.62462e-06
68.2 3.62517e-06
68.3 3.65725e-06
68.4 3.71999e-06
68.5 3.81182e-06
68.6 3.9304e-06
68.7 4.07273e-06
68.8 4.23525e-06
68.9 4.41389e-06
69 4.6042e-06
69.1 4.80149e-06
69.2 5.00097e-06
69.3 5.19782e-06
69.4 5.38738e-06
69.5 5.56523e-06
69.6 5.72734e-06
69.7 5.87011e-06
69.8 5.99049e-06
69.9 6.08597e-06
70 6.15469e-06
70.1 6.19537e-06
70.2 6.20735e-06
70.3 6.19054e-06
70.4 6.14536e-06
70.5 6.07274e-06
70.6 5.97396e-06
70.7 5.85069e-06
70.8 5.70483e-06
70.9 5.5385e-06
71 5.35393e-06
71.1 5.15348e-06
71.2 4.93951e-06
71.3 4.71437e-06
71.4 4.48039e-06
71.5 4.23985e-06
71.6 3.99491e-06
71.7 3.74768e-06
71.8 3.50014e-06
71.9 3.25417e-06
72 3.01151e-06
72.1 2.77378e-06
72.2 2.54248e-06
72.3 2.31892e-06
72.4 2.1043e-06
72.5 1.89961e-06
72.6 1.7057e-06
72.7 1.52326e-06
72.8 1.35277e-06
72.9 1.19453e-06
73 1.04868e-06
73.1 9.15208e-07
73.2 7.93922e-07
73.3 6.84502e-07
73.4 5.86503e-07
73.5 4.99375e-07
73.6 4.22482e-07
73.7 3.55125e-07
73.8 2.96563e-07
73.9 2.46029e-07
74 2.02751e-07
74.1 1.65967e-07
74.2 1.34942e-07
74.3 1.08971e-07
74.4 8.73975e-08
74.5 6.96138e-08
74.6 5.50661e-08
74.7 4.32565e-08
74.8 3.37432e-08
74.9 2.61382e-08
