-4 9.95792e-08
-3.9 1.5059e-07
-3.8 2.25653e-07
-3.7 3.34558e-07
-3.6 4.91316e-07
-3.5 7.15553e-07
-3.4 1.03234e-06
-3.3 1.47625e-06
-3.2 2.09384e-06
-3.1 2.94515e-06
-3 4.10839e-06
-2.9 5.68421e-06
-2.8 7.80022e-06
-2.7 1.06176e-05
-2.6 1.43386e-05
-2.5 1.92106e-05
-2.4 2.55361e-05
-2.3 3.36808e-05
-2.2 4.408e-05
-2.1 5.72497e-05
-2 7.37915e-05
-1.9 9.44005e-05
-1.8 0.00011987
-1.7 0.000151095
-1.6 0.000189075
-1.5 0.000234907
-1.4 0.000289788
-1.3 0.000355002
-1.2 0.000431911
-1.1 0.000521935
-1 0.000626536
-0.9 0.000747201
-0.8 0.000885407
-0.7 0.0010426
-0.6 0.00122018
-0.5 0.00141944
-0.4 0.00164158
-0.3 0.00188766
-0.2 0.00215857
-0.1 0.00245503
2.41474e-15 0.00277757
0.1 0.00312654
0.2 0.00350204
0.3 0.00390402
0.4 0.00433222
0.5 0.00478618
0.6 0.00526529
0.7 0.00576879
0.8 0.00629578
0.9 0.00684526
1 0.00741615
1.1 0.00800728
1.2 0.00861746
1.3 0.00924546
1.4 0.00989002
1.5 0.0105499
1.6 0.0112238
1.7 0.0119106
1.8 0.0126089
1.9 0.0133177
2 0.0140356
2.1 0.0147615
2.2 0.0154944
2.3 0.016233
2.4 0.0169762
2.5 0.0177231
2.6 0.0184725
2.7 0.0192235
2.8 0.0199753
2.9 0.0207269
3 0.0214776
3.1 0.0222268
3.2 0.0229738
3.3 0.0237181
3.4 0.0244594
3.5 0.0251972
3.6 0.0259314
3.7 0.0266616
3.8 0.0273877
3.9 0.0281095
4 0.0288269
4.1 0.0295397
4.2 0.0302478
4.3 0.0309509
4.4 0.0316489
4.5 0.0323414
4.6 0.0330284
4.7 0.0337095
4.8 0.0343846
4.9 0.0350534
5 0.0357159
5.1 0.0363719
5.2 0.0370214
5.3 0.0376646
5.4 0.0383015
5.5 0.0389323
5.6 0.0395573
5.7 0.0401766
5.8 0.0407905
5.9 0.0413992
6 0.0420029
6.1 0.0426015
6.2 0.043195
6.3 0.0437832
6.4 0.0443657
6.5 0.0449419
6.6 0.0455112
6.7 0.0460728
6.8 0.0466257
6.9 0.0471688
7 0.047701
7.1 0.0482211
7.2 0.048728
7.3 0.0492205
7.4 0.0496975
7.5 0.0501581
7.6 0.0506014
7.7 0.0510266
7.8 0.0514333
7.9 0.0518209
8 0.0521893
8.1 0.0525384
8.2 0.052868
8.3 0.0531785
8.4 0.05347
8.5 0.0537427
8.6 0.0539972
8.7 0.0542337
8.8 0.0544528
8.9 0.0546548
9 0.0548402
9.1 0.0550095
9.2 0.055163
9.3 0.0553012
9.4 0.0554245
9.5 0.0555333
9.6 0.055628
9.7 0.0557091
9.8 0.0557769
9.9 0.0558319
10 0.0558745
10.1 0.0559053
10.2 0.0559246
10.3 0.0559331
10.4 0.0559312
10.5 0.0559195
10.6 0.0558986
10.7 0.0558689
10.8 0.0558311
10.9 0.0557857
11 0.0557331
11.1 0.055674
11.2 0.0556088
11.3 0.055538
11.4 0.055462
11.5 0.0553811
11.6 0.0552956
11.7 0.0552059
11.8 0.055112
11.9 0.0550142
12 0.0549124
12.1 0.0548065
12.2 0.0546963
12.3 0.0545817
12.4 0.0544621
12.5 0.0543371
12.6 0.0542061
12.7 0.0540684
12.8 0.0539234
12.9 0.0537702
13 0.0536081
13.1 0.0534364
13.2 0.0532543
13.3 0.0530615
13.4 0.0528573
13.5 0.0526415
13.6 0.052414
13.7 0.0521748
13.8 0.0519242
13.9 0.0516626
14 0.0513906
14.1 0.0511089
14.2 0.0508183
14.3 0.0505197
14.4 0.050214
14.5 0.0499021
14.6 0.049585
14.7 0.0492632
14.8 0.0489375
14.9 0.0486084
15 0.0482761
15.1 0.0479408
15.2 0.0476025
15.3 0.047261
15.4 0.046916
15.5 0.0465669
15.6 0.0462132
15.7 0.0458543
15.8 0.0454895
15.9 0.0451181
16 0.0447396
16.1 0.0443533
16.2 0.0439588
16.3 0.0435556
16.4 0.0431434
16.5 0.0427221
16.6 0.0422915
16.7 0.0418519
16.8 0.0414031
16.9 0.0409456
17 0.0404795
17.1 0.0400053
17.2 0.0395234
17.3 0.0390341
17.4 0.0385379
17.5 0.0380353
17.6 0.0375269
17.7 0.0370129
17.8 0.0364941
17.9 0.0359709
18 0.0354439
18.1 0.0349136
18.2 0.0343807
18.3 0.0338459
18.4 0.0333099
18.5 0.0327734
18.6 0.0322372
18.7 0.0317022
18.8 0.0311691
18.9 0.0306389
19 0.0301124
19.1 0.0295904
19.2 0.0290736
19.3 0.0285627
19.4 0.0280583
19.5 0.0275609
19.6 0.0270708
19.7 0.0265882
19.8 0.0261133
19.9 0.025646
20 0.0251861
20.1 0.0247334
20.2 0.0242875
20.3 0.0238478
20.4 0.023414
20.5 0.0229854
20.6 0.0225614
20.7 0.0221416
20.8 0.0217254
20.9 0.0213125
21 0.0209023
21.1 0.0204948
21.2 0.0200897
21.3 0.0196871
21.4 0.0192869
21.5 0.0188895
21.6 0.0184951
21.7 0.0181041
21.8 0.017717
21.9 0.0173343
22 0.0169569
22.1 0.0165851
22.2 0.0162199
22.3 0.0158618
22.4 0.0155114
22.5 0.0151696
22.6 0.0148367
22.7 0.0145134
22.8 0.0142001
22.9 0.0138972
23 0.0136049
23.1 0.0133236
23.2 0.0130532
23.3 0.0127941
23.4 0.0125461
23.5 0.0123093
23.6 0.0120836
23.7 0.011869
23.8 0.0116655
23.9 0.011473
24 0.0112914
24.1 0.0111207
24.2 0.0109608
24.3 0.0108119
24.4 0.0106738
24.5 0.0105465
24.6 0.0104301
24.7 0.0103244
24.8 0.0102294
24.9 0.0101449
25 0.0100708
25.1 0.0100067
25.2 0.00995232
25.3 0.00990727
25.4 0.00987101
25.5 0.00984297
25.6 0.0098225
25.7 0.00980888
25.8 0.00980133
25.9 0.00979903
26 0.00980115
26.1 0.00980685
26.2 0.00981527
26.3 0.00982562
26.4 0.00983711
26.5 0.00984903
26.6 0.00986074
26.7 0.00987165
26.8 0.00988128
26.9 0.00988921
27 0.00989511
27.1 0.00989872
27.2 0.00989984
27.3 0.00989832
27.4 0.00989406
27.5 0.00988697
27.6 0.00987698
27.7 0.00986402
27.8 0.00984801
27.9 0.00982884
28 0.00980639
28.1 0.00978051
28.2 0.00975101
28.3 0.00971773
28.4 0.00968047
28.5 0.00963903
28.6 0.00959325
28.7 0.00954298
28.8 0.00948813
28.9 0.00942864
29 0.00936453
29.1 0.00929587
29.2 0.0092228
29.3 0.00914554
29.4 0.00906437
29.5 0.00897961
29.6 0.00889167
29.7 0.00880096
29.8 0.00870797
29.9 0.00861317
30 0.00851709
30.1 0.00842022
30.2 0.00832308
30.3 0.00822616
30.4 0.00812995
30.5 0.00803491
30.6 0.00794146
30.7 0.00784999
30.8 0.00776087
30.9 0.00767439
31 0.00759084
31.1 0.00751043
31.2 0.00743332
31.3 0.00735964
31.4 0.00728946
31.5 0.00722282
31.6 0.00715971
31.7 0.0071001
31.8 0.00704394
31.9 0.00699118
32 0.00694176
32.1 0.00689565
32.2 0.00685283
32.3 0.00681331
32.4 0.00677714
32.5 0.0067444
32.6 0.00671523
32.7 0.00668977
32.8 0.0066682
32.9 0.00665073
33 0.00663754
33.1 0.00662883
33.2 0.00662474
33.3 0.00662539
33.4 0.00663084
33.5 0.0066411
33.6 0.00665607
33.7 0.0066756
33.8 0.00669943
33.9 0.00672723
34 0.00675858
34.1 0.00679299
34.2 0.00682989
34.3 0.00686869
34.4 0.00690871
34.5 0.00694928
34.6 0.0069897
34.7 0.0070293
34.8 0.00706741
34.9 0.0071034
35 0.00713668
35.1 0.00716675
35.2 0.00719314
35.3 0.00721547
35.4 0.00723344
35.5 0.00724682
35.6 0.00725545
35.7 0.00725923
35.8 0.00725814
35.9 0.00725219
36 0.00724145
36.1 0.00722601
36.2 0.00720601
36.3 0.00718158
36.4 0.00715289
36.5 0.0071201
36.6 0.00708338
36.7 0.0070429
36.8 0.00699883
36.9 0.00695136
37 0.00690065
37.1 0.00684689
37.2 0.00679024
37.3 0.00673091
37.4 0.00666905
37.5 0.00660485
37.6 0.00653848
37.7 0.00647009
37.8 0.00639985
37.9 0.00632788
38 0.00625429
38.1 0.00617919
38.2 0.00610264
38.3 0.00602469
38.4 0.00594535
38.5 0.00586462
38.6 0.00578249
38.7 0.00569889
38.8 0.0056138
38.9 0.00552713
39 0.00543884
39.1 0.00534887
39.2 0.00525719
39.3 0.00516376
39.4 0.0050686
39.5 0.00497175
39.6 0.00487327
39.7 0.00477326
39.8 0.00467187
39.9 0.00456926
40 0.00446565
40.1 0.00436126
40.2 0.00425635
40.3 0.00415118
40.4 0.00404601
40.5 0.00394113
40.6 0.0038368
40.7 0.00373326
40.8 0.00363074
40.9 0.00352945
41 0.00342957
41.1 0.00333125
41.2 0.00323462
41.3 0.00313977
41.4 0.00304677
41.5 0.00295569
41.6 0.00286655
41.7 0.00277937
41.8 0.00269416
41.9 0.00261093
42 0.00252966
42.1 0.00245033
42.2 0.00237292
42.3 0.00229741
42.4 0.00222376
42.5 0.00215191
42.6 0.00208184
42.7 0.00201347
42.8 0.00194676
42.9 0.00188163
43 0.00181801
43.1 0.00175584
43.2 0.00169504
43.3 0.00163556
43.4 0.00157733
43.5 0.0015203
43.6 0.00146445
43.7 0.00140974
43.8 0.00135616
43.9 0.00130372
44 0.00125241
44.1 0.00120226
44.2 0.0011533
44.3 0.00110556
44.4 0.00105907
44.5 0.00101386
44.6 0.00096996
44.7 0.000927388
44.8 0.000886155
44.9 0.000846263
45 0.000807703
45.1 0.000770455
45.2 0.00073449
45.3 0.000699769
45.4 0.000666249
45.5 0.00063388
45.6 0.000602608
45.7 0.000572381
45.8 0.00054315
45.9 0.000514865
46 0.000487485
46.1 0.000460975
46.2 0.000435306
46.3 0.000410459
46.4 0.00038642
46.5 0.000363184
46.6 0.000340751
46.7 0.000319128
46.8 0.000298325
46.9 0.000278353
47 0.000259229
47.1 0.000240964
47.2 0.000223572
47.3 0.000207063
47.4 0.000191445
47.5 0.000176719
47.6 0.000162886
47.7 0.000149941
47.8 0.000137872
47.9 0.000126667
48 0.000116308
48.1 0.000106775
48.2 9.80449e-05
48.3 9.00925e-05
48.4 8.28913e-05
48.5 7.64138e-05
48.6 7.06312e-05
48.7 6.55142e-05
48.8 6.10326e-05
48.9 5.71546e-05
49 5.38474e-05
49.1 5.1076e-05
49.2 4.8803e-05
49.3 4.69881e-05
49.4 4.55883e-05
49.5 4.45567e-05
49.6 4.38435e-05
49.7 4.33959e-05
49.8 4.3159e-05
49.9 4.3076e-05
50 4.30902e-05
50.1 4.31455e-05
50.2 4.31886e-05
50.3 4.31695e-05
50.4 4.3044e-05
50.5 4.27744e-05
50.6 4.23304e-05
50.7 4.16909e-05
50.8 4.08435e-05
50.9 3.97853e-05
51 3.85222e-05
51.1 3.70688e-05
51.2 3.5447e-05
51.3 3.36851e-05
51.4 3.18161e-05
51.5 2.98764e-05
51.6 2.79038e-05
51.7 2.59361e-05
51.8 2.40098e-05
51.9 2.2158e-05
52 2.04105e-05
52.1 1.87919e-05
52.2 1.73212e-05
52.3 1.6012e-05
52.4 1.4872e-05
52.5 1.39033e-05
52.6 1.31029e-05
52.7 1.24632e-05
52.8 1.19729e-05
52.9 1.16174e-05
53 1.13799e-05
53.1 1.12421e-05
53.2 1.11849e-05
53.3 1.11893e-05
53.4 1.12365e-05
53.5 1.1309e-05
53.6 1.13903e-05
53.7 1.1466e-05
53.8 1.15233e-05
53.9 1.15515e-05
54 1.15418e-05
54.1 1.14875e-05
54.2 1.13842e-05
54.3 1.12293e-05
54.4 1.10219e-05
54.5 1.07633e-05
54.6 1.04562e-05
54.7 1.01052e-05
54.8 9.71614e-06
54.9 9.29631e-06
55 8.85422e-06
55.1 8.39934e-06
55.2 7.942e-06
55.3 7.4931e-06
55.4 7.0639e-06
55.5 6.66573e-06
55.6 6.30976e-06
55.7 6.00663e-06
55.8 5.76615e-06
55.9 5.59709e-06
56 5.50672e-06
56.1 5.50064e-06
56.2 5.58248e-06
56.3 5.75376e-06
56.4 6.01346e-06
56.5 6.35813e-06
56.6 6.78173e-06
56.7 7.27567e-06
56.8 7.82892e-06
56.9 8.42819e-06
57 9.05823e-06
57.1 9.70226e-06
57.2 1.03424e-05
57.3 1.09603e-05
57.4 1.15376e-05
57.5 1.20568e-05
57.6 1.25016e-05
57.7 1.28577e-05
57.8 1.31133e-05
57.9 1.32596e-05
58 1.32908e-05
58.1 1.32048e-05
58.2 1.30029e-05
58.3 1.26898e-05
58.4 1.22731e-05
58.5 1.17633e-05
58.6 1.11733e-05
58.7 1.05173e-05
58.8 9.81095e-06
58.9 9.0702e-06
59 8.31094e-06
59.1 7.54843e-06
59.2 6.79687e-06
59.3 6.06905e-06
59.4 5.37601e-06
59.5 4.72704e-06
59.6 4.12955e-06
59.7 3.58912e-06
59.8 3.10967e-06
59.9 2.69357e-06
60 2.34201e-06
60.1 2.05502e-06
60.2 1.83188e-06
60.3 1.67123e-06
60.4 1.57132e-06
60.5 1.5301e-06
60.6 1.54534e-06
60.7 1.61465e-06
60.8 1.7355e-06
60.9 1.90516e-06
61 2.12067e-06
61.1 2.37872e-06
61.2 2.67561e-06
61.3 3.00715e-06
61.4 3.36864e-06
61.5 3.75483e-06
61.6 4.16e-06
61.7 4.578e-06
61.8 5.00237e-06
61.9 5.42653e-06
62 5.84397e-06
62.1 6.24847e-06
62.2 6.63431e-06
62.3 6.99647e-06
62.4 7.33085e-06
62.5 7.63436e-06
62.6 7.90503e-06
62.7 8.14199e-06
62.8 8.34542e-06
62.9 8.51643e-06
63 8.65686e-06
63.1 8.76902e-06
63.2 8.85545e-06
63.3 8.91869e-06
63.4 8.96097e-06
63.5 8.98394e-06
63.6 8.98859e-06
63.7 8.97514e-06
63.8 8.943e-06
63.9 8.8908e-06
64 8.81659e-06
64.1 8.71797e-06
64.2 8.59238e-06
64.3 8.43731e-06
64.4 8.25065e-06
64.5 8.03084e-06
64.6 7.77719e-06
64.7 7.48994e-06
64.8 7.17044e-06
64.9 6.8211e-06
65 6.44537e-06
65.1 6.04764e-06
65.2 5.63304e-06
65.3 5.20721e-06
65.4 4.77612e-06
65.5 4.34578e-06
65.6 3.92199e-06
65.7 3.51016e-06
65.8 3.11511e-06
65.9 2.74092e-06
66 2.39087e-06
66.1 2.06737e-06
66.2 1.77194e-06
66.3 1.50532e-06
66.4 1.26744e-06
66.5 1.05763e-06
66.6 8.74641e-07
66.7 7.16804e-07
66.8 5.82152e-07
66.9 4.68519e-07
67 3.7365e-07
67.1 2.95286e-07
67.2 2.31236e-07
67.3 1.7943e-07
67.4 1.37963e-07
67.5 1.05112e-07
67.6 7.93521e-08
67.7 5.93584e-08
67.8 4.39967e-08
67.9 3.22915e-08
68 2.35014e-08
68.1 1.69473e-08
68.2 1.21091e-08
68.3 8.57284e-09
68.4 6.01369e-09
68.5 4.17984e-09
68.6 2.8786e-09
68.7 1.96429e-09
68.8 1.32811e-09
68.9 8.89741e-10
69 5.90604e-10
69.1 3.88447e-10
69.2 2.53146e-10
69.3 1.6346e-10
69.4 1.04582e-10
69.5 6.62982e-11
69.6 4.16439e-11
69.7 2.59181e-11
69.8 0
69.9 0
70 0
70.1 0
70.2 0
70.3 0
70.4 0
70.5 0
70.6 0
70.7 0
70.8 0
70.9 0
71 0
71.1 0
71.2 0
71.3 0
71.4 0
71.5 0
71.6 0
71.7 0
71.8 0
71.9 0
72 0
72.1 0
72.2 0
72.3 0
72.4 0
72.5 0
72.6 0
72.7 0
72.8 0
72.9 0
73 0
73.1 0
73.2 0
73.3 0
73.4 0
73.5 3.43827e-11
73.6 5.49433e-11
73.7 8.69947e-11
73.8 1.36481e-10
73.9 2.12156e-10
74 3.2677e-10
74.1 4.98691e-10
74.2 7.54089e-10
74.3 1.12984e-09
74.4 1.67731e-09
74.5 2.46726e-09
74.6 3.59598e-09
74.7 5.19305e-09
74.8 7.43071e-09
74.9 1.05352e-08
75 1.47998e-08
75.1 2.06002e-08
75.2 2.84113e-08
75.3 3.88252e-08
75.4 5.257e-08
75.5 7.05287e-08
75.6 9.37553e-08
75.7 1.23489e-07
75.8 1.61163e-07
75.9 2.08403e-07
76 2.67021e-07
76.1 3.38992e-07
76.2 4.26419e-07
76.3 5.31479e-07
76.4 6.56355e-07
76.5 8.03146e-07
76.6 9.73761e-07
76.7 1.1698e-06
76.8 1.39244e-06
76.9 1.64227e-06
77 1.91917e-06
77.1 2.22221e-06
77.2 2.54953e-06
77.3 2.89826e-06
77.4 3.26451e-06
77.5 3.64335e-06
77.6 4.0289e-06
77.7 4.41443e-06
77.8 4.79255e-06
77.9 5.15538e-06
78 5.49487e-06
78.1 5.80306e-06
78.2 6.07239e-06
78.3 6.296e-06
78.4 6.46804e-06
78.5 6.58391e-06
78.6 6.64045e-06
78.7 6.63611e-06
78.8 6.57102e-06
78.9 6.44696e-06
79 6.26729e-06
79.1 6.0368e-06
79.2 5.76152e-06
79.3 5.44841e-06
79.4 5.10512e-06
79.5 4.73963e-06
79.6 4.35999e-06
79.7 3.97402e-06
79.8 3.58903e-06
79.9 3.21164e-06
80 2.8476e-06
80.1 2.50169e-06
80.2 2.17767e-06
80.3 1.87825e-06
80.4 1.60515e-06
80.5 1.3592e-06
80.6 1.14038e-06
80.7 9.48033e-07
80.8 7.80904e-07
80.9 6.37346e-07
81 5.15413e-07
81.1 4.12989e-07
81.2 3.27887e-07
81.3 2.57936e-07
81.4 2.0105e-07
81.5 1.55274e-07
81.6 1.18821e-07
81.7 9.00936e-08
81.8 6.76856e-08
81.9 5.0385e-08
82 3.71629e-08
