-4 5.5754e-07
-3.9 7.82006e-07
-3.8 1.08922e-06
-3.7 1.50656e-06
-3.6 2.06988e-06
-3.5 2.82377e-06
-3.4 3.82636e-06
-3.3 5.14979e-06
-3.2 6.88571e-06
-3.1 9.14657e-06
-3 1.20706e-05
-2.9 1.58266e-05
-2.8 2.0618e-05
-2.7 2.66888e-05
-2.6 3.43282e-05
-2.5 4.3878e-05
-2.4 5.57352e-05
-2.3 7.03596e-05
-2.2 8.82777e-05
-2.1 0.000110087
-2 0.000136458
-1.9 0.000168141
-1.8 0.000205961
-1.7 0.000250819
-1.6 0.000303691
-1.5 0.000365619
-1.4 0.000437706
-1.3 0.00052111
-1.2 0.000617027
-1.1 0.00072668
-1 0.000851303
-0.9 0.000992127
-0.8 0.00115036
-0.7 0.00132716
-0.6 0.00152363
-0.5 0.00174081
-0.4 0.00197961
-0.3 0.00224087
-0.2 0.00252526
-0.1 0.00283335
2.41474e-15 0.00316555
0.1 0.00352211
0.2 0.00390314
0.3 0.00430858
0.4 0.00473823
0.5 0.00519175
0.6 0.00566865
0.7 0.00616832
0.8 0.00669002
0.9 0.00723293
1 0.00779612
1.1 0.0083786
1.2 0.00897931
1.3 0.00959714
1.4 0.0102309
1.5 0.0108796
1.6 0.0115418
1.7 0.0122164
1.8 0.0129023
1.9 0.0135983
2 0.0143031
2.1 0.0150156
2.2 0.0157348
2.3 0.0164594
2.4 0.0171885
2.5 0.017921
2.6 0.0186559
2.7 0.0193923
2.8 0.0201293
2.9 0.020866
3 0.0216016
3.1 0.0223353
3.2 0.0230666
3.3 0.0237946
3.4 0.0245188
3.5 0.0252387
3.6 0.0259538
3.7 0.0266635
3.8 0.0273674
3.9 0.0280652
4 0.0287564
4.1 0.0294407
4.2 0.0301178
4.3 0.0307873
4.4 0.0314489
4.5 0.0321024
4.6 0.0327474
4.7 0.0333837
4.8 0.0340111
4.9 0.0346292
5 0.0352378
5.1 0.0358368
5.2 0.0364258
5.3 0.0370047
5.4 0.0375733
5.5 0.0381314
5.6 0.0386788
5.7 0.0392154
5.8 0.0397409
5.9 0.0402551
6 0.0407579
6.1 0.041249
6.2 0.0417283
6.3 0.0421953
6.4 0.0426499
6.5 0.0430918
6.6 0.0435206
6.7 0.0439361
6.8 0.0443379
6.9 0.0447257
7 0.0450992
7.1 0.0454581
7.2 0.0458022
7.3 0.0461311
7.4 0.0464448
7.5 0.0467429
7.6 0.0470255
7.7 0.0472924
7.8 0.0475436
7.9 0.047779
8 0.0479988
8.1 0.0482029
8.2 0.0483915
8.3 0.0485647
8.4 0.0487225
8.5 0.0488651
8.6 0.0489927
8.7 0.0491053
8.8 0.0492031
8.9 0.0492863
9 0.049355
9.1 0.0494094
9.2 0.0494495
9.3 0.0494757
9.4 0.0494882
9.5 0.0494871
9.6 0.0494728
9.7 0.0494457
9.8 0.049406
9.9 0.0493543
10 0.0492911
10.1 0.0492168
10.2 0.0491322
10.3 0.0490378
10.4 0.0489344
10.5 0.0488226
10.6 0.0487032
10.7 0.048577
10.8 0.0484448
10.9 0.0483072
11 0.0481651
11.1 0.0480192
11.2 0.0478701
11.3 0.0477184
11.4 0.0475648
11.5 0.0474098
11.6 0.0472537
11.7 0.047097
11.8 0.04694
11.9 0.0467828
12 0.0466257
12.1 0.0464687
12.2 0.0463118
12.3 0.0461549
12.4 0.0459979
12.5 0.0458406
12.6 0.0456828
12.7 0.0455242
12.8 0.0453647
12.9 0.0452038
13 0.0450414
13.1 0.0448771
13.2 0.0447108
13.3 0.0445423
13.4 0.0443714
13.5 0.0441981
13.6 0.0440223
13.7 0.0438441
13.8 0.0436637
13.9 0.0434811
14 0.0432967
14.1 0.0431106
14.2 0.0429231
14.3 0.0427347
14.4 0.0425454
14.5 0.0423558
14.6 0.0421659
14.7 0.0419762
14.8 0.0417867
14.9 0.0415976
15 0.041409
15.1 0.0412208
15.2 0.0410331
15.3 0.0408457
15.4 0.0406583
15.5 0.0404709
15.6 0.0402829
15.7 0.0400942
15.8 0.0399043
15.9 0.0397129
16 0.0395195
16.1 0.0393238
16.2 0.0391254
16.3 0.0389237
16.4 0.0387186
16.5 0.0385096
16.6 0.0382964
16.7 0.0380786
16.8 0.037856
16.9 0.0376283
17 0.0373953
17.1 0.0371567
17.2 0.0369123
17.3 0.036662
17.4 0.0364055
17.5 0.0361428
17.6 0.0358736
17.7 0.035598
17.8 0.0353159
17.9 0.0350273
18 0.0347323
18.1 0.034431
18.2 0.0341235
18.3 0.0338101
18.4 0.033491
18.5 0.0331666
18.6 0.0328373
18.7 0.0325035
18.8 0.0321657
18.9 0.0318244
19 0.0314801
19.1 0.0311333
19.2 0.0307844
19.3 0.0304339
19.4 0.0300823
19.5 0.0297299
19.6 0.0293771
19.7 0.0290239
19.8 0.0286707
19.9 0.0283175
20 0.0279644
20.1 0.0276113
20.2 0.0272581
20.3 0.0269048
20.4 0.0265512
20.5 0.0261971
20.6 0.0258424
20.7 0.025487
20.8 0.0251307
20.9 0.0247736
21 0.0244155
21.1 0.0240565
21.2 0.0236968
21.3 0.0233366
21.4 0.022976
21.5 0.0226155
21.6 0.0222553
21.7 0.021896
21.8 0.021538
21.9 0.0211819
22 0.0208283
22.1 0.0204778
22.2 0.0201309
22.3 0.0197884
22.4 0.0194508
22.5 0.0191188
22.6 0.0187928
22.7 0.0184734
22.8 0.0181612
22.9 0.0178565
23 0.0175598
23.1 0.0172713
23.2 0.0169913
23.3 0.0167202
23.4 0.0164579
23.5 0.0162047
23.6 0.0159607
23.7 0.0157259
23.8 0.0155002
23.9 0.0152837
24 0.0150763
24.1 0.014878
24.2 0.0146887
24.3 0.0145083
24.4 0.0143367
24.5 0.0141738
24.6 0.0140195
24.7 0.0138736
24.8 0.0137361
24.9 0.0136067
25 0.0134853
25.1 0.0133716
25.2 0.0132653
25.3 0.0131661
25.4 0.0130737
25.5 0.0129877
25.6 0.0129076
25.7 0.012833
25.8 0.0127632
25.9 0.0126978
26 0.0126361
26.1 0.0125775
26.2 0.0125214
26.3 0.0124672
26.4 0.0124142
26.5 0.012362
26.6 0.0123099
26.7 0.0122574
26.8 0.0122042
26.9 0.0121498
27 0.0120938
27.1 0.0120361
27.2 0.0119764
27.3 0.0119146
27.4 0.0118506
27.5 0.0117844
27.6 0.0117159
27.7 0.0116453
27.8 0.0115726
27.9 0.0114979
28 0.0114213
28.1 0.011343
28.2 0.011263
28.3 0.0111816
28.4 0.0110988
28.5 0.0110148
28.6 0.0109297
28.7 0.0108435
28.8 0.0107565
28.9 0.0106687
29 0.0105802
29.1 0.0104911
29.2 0.0104016
29.3 0.0103116
29.4 0.0102213
29.5 0.0101308
29.6 0.0100402
29.7 0.00994966
29.8 0.00985918
29.9 0.00976893
30 0.00967903
30.1 0.0095896
30.2 0.00950078
30.3 0.00941272
30.4 0.00932555
30.5 0.00923943
30.6 0.00915453
30.7 0.009071
30.8 0.00898899
30.9 0.00890868
31 0.00883023
31.1 0.00875378
31.2 0.00867949
31.3 0.0086075
31.4 0.00853794
31.5 0.00847094
31.6 0.00840662
31.7 0.00834509
31.8 0.00828644
31.9 0.00823079
32 0.00817821
32.1 0.00812881
32.2 0.00808266
32.3 0.00803985
32.4 0.00800047
32.5 0.00796461
32.6 0.00793233
32.7 0.00790373
32.8 0.00787886
32.9 0.00785779
33 0.00784055
33.1 0.00782718
33.2 0.00781768
33.3 0.00781202
33.4 0.00781017
33.5 0.00781203
33.6 0.00781749
33.7 0.00782642
33.8 0.00783861
33.9 0.00785387
34 0.00787193
34.1 0.00789254
34.2 0.00791538
34.3 0.00794014
34.4 0.00796648
34.5 0.00799404
34.6 0.00802247
34.7 0.0080514
34.8 0.00808048
34.9 0.00810934
35 0.00813765
35.1 0.00816507
35.2 0.00819128
35.3 0.00821598
35.4 0.0082389
35.5 0.00825976
35.6 0.00827833
35.7 0.00829438
35.8 0.00830772
35.9 0.00831817
36 0.00832555
36.1 0.00832974
36.2 0.00833061
36.3 0.00832805
36.4 0.00832197
36.5 0.00831231
36.6 0.008299
36.7 0.00828202
36.8 0.00826134
36.9 0.00823694
37 0.00820884
37.1 0.00817707
37.2 0.00814164
37.3 0.00810261
37.4 0.00806002
37.5 0.00801396
37.6 0.00796447
37.7 0.00791164
37.8 0.00785555
37.9 0.00779628
38 0.00773392
38.1 0.00766856
38.2 0.00760028
38.3 0.00752919
38.4 0.00745537
38.5 0.00737894
38.6 0.00729998
38.7 0.00721862
38.8 0.00713497
38.9 0.00704916
39 0.00696135
39.1 0.00687167
39.2 0.0067803
39.3 0.00668742
39.4 0.00659323
39.5 0.00649794
39.6 0.00640177
39.7 0.00630496
39.8 0.00620775
39.9 0.00611039
40 0.00601313
40.1 0.00591622
40.2 0.0058199
40.3 0.0057244
40.4 0.00562994
40.5 0.00553672
40.6 0.00544489
40.7 0.00535462
40.8 0.00526602
40.9 0.00517917
41 0.00509413
41.1 0.00501092
41.2 0.00492955
41.3 0.00484998
41.4 0.00477215
41.5 0.00469599
41.6 0.00462141
41.7 0.00454828
41.8 0.00447651
41.9 0.00440597
42 0.00433653
42.1 0.00426808
42.2 0.00420052
42.3 0.00413373
42.4 0.00406764
42.5 0.00400218
42.6 0.00393728
42.7 0.00387293
42.8 0.00380912
42.9 0.00374584
43 0.00368314
43.1 0.00362107
43.2 0.0035597
43.3 0.00349913
43.4 0.00343947
43.5 0.00338084
43.6 0.00332339
43.7 0.00326725
43.8 0.00321256
43.9 0.00315947
44 0.0031081
44.1 0.00305859
44.2 0.00301102
44.3 0.00296548
44.4 0.00292202
44.5 0.00288066
44.6 0.0028414
44.7 0.0028042
44.8 0.00276898
44.9 0.00273566
45 0.0027041
45.1 0.00267416
45.2 0.00264568
45.3 0.0026185
45.4 0.00259243
45.5 0.0025673
45.6 0.00254295
45.7 0.00251923
45.8 0.00249602
45.9 0.0024732
46 0.0024507
46.1 0.00242846
46.2 0.00240647
46.3 0.00238473
46.4 0.00236327
46.5 0.00234213
46.6 0.00232138
46.7 0.00230111
46.8 0.00228139
46.9 0.0022623
47 0.00224393
47.1 0.00222634
47.2 0.00220958
47.3 0.00219367
47.4 0.00217863
47.5 0.00216442
47.6 0.002151
47.7 0.0021383
47.8 0.0021262
47.9 0.0021146
48 0.00210335
48.1 0.0020923
48.2 0.00208126
48.3 0.00207008
48.4 0.00205859
48.5 0.00204661
48.6 0.00203399
48.7 0.00202059
48.8 0.00200629
48.9 0.00199098
49 0.00197459
49.1 0.00195706
49.2 0.00193836
49.3 0.00191848
49.4 0.00189744
49.5 0.00187526
49.6 0.001852
49.7 0.00182772
49.8 0.00180247
49.9 0.00177635
50 0.00174942
50.1 0.00172175
50.2 0.00169343
50.3 0.00166452
50.4 0.00163508
50.5 0.00160516
50.6 0.00157481
50.7 0.00154408
50.8 0.00151299
50.9 0.00148159
51 0.00144989
51.1 0.00141793
51.2 0.00138573
51.3 0.00135333
51.4 0.00132077
51.5 0.00128807
51.6 0.00125527
51.7 0.00122243
51.8 0.00118957
51.9 0.00115676
52 0.00112404
52.1 0.00109145
52.2 0.00105904
52.3 0.00102685
52.4 0.000994912
52.5 0.000963261
52.6 0.000931921
52.7 0.000900911
52.8 0.000870247
52.9 0.000839938
53 0.000809989
53.1 0.000780403
53.2 0.000751182
53.3 0.000722327
53.4 0.000693841
53.5 0.000665729
53.6 0.000638
53.7 0.000610667
53.8 0.000583749
53.9 0.000557268
54 0.000531252
54.1 0.000505735
54.2 0.000480754
54.3 0.000456348
54.4 0.000432562
54.5 0.000409439
54.6 0.000387022
54.7 0.000365354
54.8 0.000344476
54.9 0.000324424
55 0.000305232
55.1 0.000286928
55.2 0.000269532
55.3 0.000253061
55.4 0.000237525
55.5 0.000222925
55.6 0.000209257
55.7 0.000196509
55.8 0.000184664
55.9 0.000173695
56 0.000163571
56.1 0.000154256
56.2 0.000145706
56.3 0.000137874
56.4 0.000130709
56.5 0.000124155
56.6 0.000118155
56.7 0.00011265
56.8 0.000107582
56.9 0.000102891
57 9.8521e-05
57.1 9.44169e-05
57.2 9.05282e-05
57.3 8.68085e-05
57.4 8.32168e-05
57.5 7.97177e-05
57.6 7.62823e-05
57.7 7.28879e-05
57.8 6.95182e-05
57.9 6.61635e-05
58 6.28199e-05
58.1 5.94889e-05
58.2 5.61767e-05
58.3 5.28936e-05
58.4 4.96531e-05
58.5 4.64709e-05
58.6 4.33642e-05
58.7 4.03504e-05
58.8 3.74469e-05
58.9 3.46703e-05
59 3.20353e-05
59.1 2.95549e-05
59.2 2.72395e-05
59.3 2.50972e-05
59.4 2.31331e-05
59.5 2.13499e-05
59.6 1.97478e-05
59.7 1.83244e-05
59.8 1.70753e-05
59.9 1.59939e-05
60 1.50723e-05
60.1 1.4301e-05
60.2 1.36696e-05
60.3 1.31667e-05
60.4 1.27804e-05
60.5 1.24986e-05
60.6 1.23088e-05
60.7 1.21987e-05
60.8 1.2156e-05
60.9 1.21691e-05
61 1.22263e-05
61.1 1.23171e-05
61.2 1.24313e-05
61.3 1.25595e-05
61.4 1.26935e-05
61.5 1.28259e-05
61.6 1.29503e-05
61.7 1.30615e-05
61.8 1.31555e-05
61.9 1.32293e-05
62 1.32813e-05
62.1 1.33106e-05
62.2 1.33179e-05
62.3 1.33041e-05
62.4 1.32713e-05
62.5 1.32221e-05
62.6 1.31595e-05
62.7 1.30864e-05
62.8 1.30061e-05
62.9 1.29213e-05
63 1.28345e-05
63.1 1.27474e-05
63.2 1.26611e-05
63.3 1.25757e-05
63.4 1.24906e-05
63.5 1.24041e-05
63.6 1.23138e-05
63.7 1.22166e-05
63.8 1.21087e-05
63.9 1.19861e-05
64 1.18444e-05
64.1 1.16794e-05
64.2 1.14871e-05
64.3 1.12642e-05
64.4 1.10079e-05
64.5 1.07164e-05
64.6 1.03889e-05
64.7 1.00256e-05
64.8 9.62782e-06
64.9 9.19805e-06
65 8.73969e-06
65.1 8.25702e-06
65.2 7.75503e-06
65.3 7.23925e-06
65.4 6.71551e-06
65.5 6.18981e-06
65.6 5.66799e-06
65.7 5.15567e-06
65.8 4.65803e-06
65.9 4.17967e-06
66 3.72452e-06
66.1 3.29579e-06
66.2 2.89591e-06
66.3 2.52652e-06
66.4 2.18855e-06
66.5 1.88221e-06
66.6 1.60711e-06
66.7 1.3623e-06
66.8 1.14641e-06
66.9 9.57726e-07
67 7.94251e-07
67.1 6.53884e-07
67.2 5.34384e-07
67.3 4.33522e-07
67.4 3.49116e-07
67.5 2.79078e-07
67.6 2.21449e-07
67.7 1.74427e-07
67.8 1.36361e-07
67.9 1.0583e-07
68 8.15291e-08
68.1 6.23442e-08
68.2 4.73216e-08
68.3 3.56534e-08
68.4 2.66637e-08
68.5 1.97799e-08
68.6 1.45758e-08
68.7 1.06613e-08
68.8 7.7403e-09
68.9 5.57798e-09
69 3.98994e-09
69.1 2.83286e-09
69.2 1.99644e-09
69.3 1.39655e-09
69.4 9.69677e-10
69.5 6.68296e-10
69.6 4.57173e-10
69.7 3.10429e-10
69.8 2.09226e-10
69.9 1.39971e-10
70 9.29461e-11
70.1 6.12625e-11
70.2 2.45635e-11
70.3 0
70.4 0
70.5 0
70.6 0
70.7 0
70.8 0
70.9 2.53767e-11
71 3.86463e-11
71.1 5.84177e-11
71.2 8.76485e-11
71.3 1.30529e-10
71.4 1.92946e-10
71.5 2.83092e-10
71.6 4.12271e-10
71.7 5.9594e-10
71.8 8.55037e-10
71.9 1.21768e-09
72 1.72124e-09
72.1 2.41499e-09
72.2 3.36321e-09
72.3 4.64896e-09
72.4 6.37853e-09
72.5 8.6866e-09
72.6 1.1742e-08
72.7 1.57543e-08
72.8 2.09807e-08
72.9 2.77541e-08
73 3.64191e-08
73.1 4.74354e-08
73.2 6.13268e-08
73.3 7.86998e-08
73.4 1.00248e-07
73.5 1.26752e-07
73.6 1.59081e-07
73.7 1.98184e-07
73.8 2.45079e-07
73.9 3.00842e-07
74 3.6658e-07
74.1 4.43407e-07
74.2 5.3241e-07
74.3 6.34613e-07
74.4 7.50928e-07
74.5 8.82114e-07
74.6 1.02873e-06
74.7 1.19108e-06
74.8 1.36917e-06
74.9 1.56268e-06
75 1.77094e-06
75.1 1.99288e-06
75.2 2.22705e-06
75.3 2.47162e-06
75.4 2.72443e-06
75.5 2.98301e-06
75.6 3.24464e-06
75.7 3.50645e-06
75.8 3.76548e-06
75.9 4.0188e-06
76 4.26358e-06
76.1 4.49723e-06
76.2 4.71743e-06
76.3 4.92225e-06
76.4 5.11021e-06
76.5 5.28029e-06
76.6 5.43194e-06
76.7 5.56511e-06
76.8 5.68014e-06
76.9 5.77777e-06
77 5.85899e-06
77.1 5.925e-06
77.2 5.97706e-06
77.3 6.0164e-06
77.4 6.04412e-06
77.5 6.06109e-06
77.6 6.06791e-06
77.7 6.06482e-06
77.8 6.0517e-06
77.9 6.0281e-06
78 5.99324e-06
78.1 5.94609e-06
78.2 5.88546e-06
78.3 5.81009e-06
78.4 5.71874e-06
78.5 5.61034e-06
78.6 5.48404e-06
78.7 5.33933e-06
78.8 5.17613e-06
78.9 4.99478e-06
79 4.79613e-06
79.1 4.58149e-06
79.2 4.35264e-06
79.3 4.11174e-06
79.4 3.8613e-06
79.5 3.60407e-06
79.6 3.34296e-06
79.7 3.08092e-06
79.8 2.82087e-06
79.9 2.56559e-06
80 2.31765e-06
80.1 2.07935e-06
80.2 1.85264e-06
80.3 1.6391e-06
80.4 1.43996e-06
80.5 1.25602e-06
80.6 1.08776e-06
80.7 9.35264e-07
80.8 7.98345e-07
80.9 6.76533e-07
81 5.69138e-07
81.1 4.75299e-07
81.2 3.94031e-07
81.3 3.24264e-07
81.4 2.64892e-07
81.5 2.148e-07
81.6 1.72898e-07
81.7 1.38144e-07
81.8 1.09561e-07
81.9 8.62509e-08
82 6.73983e-08
82.1 5.2277e-08
82.2 4.02482e-08
82.3 3.07579e-08
82.4 2.33154e-08
82.5 1.75564e-08
82.6 1.31218e-08
82.7 9.73451e-09
82.8 7.16801e-09
82.9 5.23898e-09
83 3.80066e-09
