-4 9.85367e-07
-3.9 1.33437e-06
-3.8 1.7957e-06
-3.7 2.40182e-06
-3.6 3.1937e-06
-3.5 4.2215e-06
-3.4 5.54745e-06
-3.3 7.24741e-06
-3.2 9.41353e-06
-3.1 1.21569e-05
-3 1.561e-05
-2.9 1.99307e-05
-2.8 2.53043e-05
-2.7 3.19479e-05
-2.6 4.01119e-05
-2.5 5.00855e-05
-2.4 6.21977e-05
-2.3 7.68214e-05
-2.2 9.4375e-05
-2.1 0.000115324
-2 0.000140183
-1.9 0.000169513
-1.8 0.000203924
-1.7 0.000244073
-1.6 0.000290656
-1.5 0.000344412
-1.4 0.00040611
-1.3 0.000476545
-1.2 0.000556534
-1.1 0.0006469
-1 0.000748469
-0.9 0.000862057
-0.8 0.000988456
-0.7 0.00112843
-0.6 0.0012827
-0.5 0.00145193
-0.4 0.00163673
-0.3 0.00183763
-0.2 0.00205508
-0.1 0.00228945
2.41474e-15 0.00254101
0.1 0.00280996
0.2 0.00309636
0.3 0.00340022
0.4 0.00372143
0.5 0.00405979
0.6 0.00441501
0.7 0.00478673
0.8 0.00517451
0.9 0.00557784
1 0.00599613
1.1 0.00642878
1.2 0.0068751
1.3 0.00733439
1.4 0.00780592
1.5 0.00828892
1.6 0.00878262
1.7 0.00928624
1.8 0.00979899
1.9 0.0103201
2 0.0108487
2.1 0.0113842
2.2 0.0119258
2.3 0.0124726
2.4 0.0130242
2.5 0.0135796
2.6 0.0141385
2.7 0.0147
2.8 0.0152637
2.9 0.015829
3 0.0163954
3.1 0.0169626
3.2 0.0175299
3.3 0.0180972
3.4 0.0186639
3.5 0.0192299
3.6 0.0197949
3.7 0.0203585
3.8 0.0209206
3.9 0.021481
4 0.0220395
4.1 0.0225958
4.2 0.0231498
4.3 0.0237014
4.4 0.0242503
4.5 0.0247963
4.6 0.0253393
4.7 0.025879
4.8 0.0264153
4.9 0.0269478
5 0.0274763
5.1 0.0280007
5.2 0.0285205
5.3 0.0290356
5.4 0.0295456
5.5 0.0300504
5.6 0.0305495
5.7 0.0310428
5.8 0.03153
5.9 0.0320108
6 0.0324849
6.1 0.0329521
6.2 0.0334122
6.3 0.0338649
6.4 0.0343099
6.5 0.0347472
6.6 0.0351763
6.7 0.0355972
6.8 0.0360096
6.9 0.0364132
7 0.036808
7.1 0.0371936
7.2 0.0375699
7.3 0.0379368
7.4 0.038294
7.5 0.0386413
7.6 0.0389786
7.7 0.0393058
7.8 0.0396227
7.9 0.0399291
8 0.040225
8.1 0.0405103
8.2 0.0407848
8.3 0.0410484
8.4 0.0413011
8.5 0.0415429
8.6 0.0417735
8.7 0.0419931
8.8 0.0422016
8.9 0.0423988
9 0.0425849
9.1 0.0427597
9.2 0.0429234
9.3 0.0430758
9.4 0.043217
9.5 0.043347
9.6 0.043466
9.7 0.043574
9.8 0.043671
9.9 0.0437574
10 0.0438331
10.1 0.0438985
10.2 0.0439537
10.3 0.043999
10.4 0.0440347
10.5 0.044061
10.6 0.0440785
10.7 0.0440873
10.8 0.0440879
10.9 0.0440806
11 0.044066
11.1 0.0440443
11.2 0.044016
11.3 0.0439816
11.4 0.0439413
11.5 0.0438956
11.6 0.0438448
11.7 0.0437893
11.8 0.0437294
11.9 0.0436654
12 0.0435976
12.1 0.0435262
12.2 0.0434515
12.3 0.0433736
12.4 0.0432927
12.5 0.0432089
12.6 0.0431225
12.7 0.0430334
12.8 0.0429418
12.9 0.0428478
13 0.0427515
13.1 0.0426528
13.2 0.0425519
13.3 0.0424488
13.4 0.0423436
13.5 0.0422362
13.6 0.0421268
13.7 0.0420154
13.8 0.0419019
13.9 0.0417865
14 0.0416691
14.1 0.0415498
14.2 0.0414285
14.3 0.0413052
14.4 0.04118
14.5 0.0410528
14.6 0.0409236
14.7 0.0407923
14.8 0.0406589
14.9 0.0405232
15 0.0403853
15.1 0.040245
15.2 0.0401023
15.3 0.039957
15.4 0.0398091
15.5 0.0396585
15.6 0.0395052
15.7 0.0393489
15.8 0.0391898
15.9 0.0390278
16 0.0388627
16.1 0.0386946
16.2 0.0385235
16.3 0.0383494
16.4 0.0381722
16.5 0.0379919
16.6 0.0378086
16.7 0.0376222
16.8 0.0374328
16.9 0.0372403
17 0.0370447
17.1 0.036846
17.2 0.0366441
17.3 0.036439
17.4 0.0362305
17.5 0.0360187
17.6 0.0358035
17.7 0.0355847
17.8 0.0353622
17.9 0.0351361
18 0.0349062
18.1 0.0346724
18.2 0.0344348
18.3 0.0341933
18.4 0.0339479
18.5 0.0336986
18.6 0.0334457
18.7 0.033189
18.8 0.0329288
18.9 0.0326652
19 0.0323984
19.1 0.0321286
19.2 0.0318559
19.3 0.0315806
19.4 0.0313029
19.5 0.0310229
19.6 0.0307409
19.7 0.030457
19.8 0.0301714
19.9 0.0298843
20 0.0295957
20.1 0.0293057
20.2 0.0290143
20.3 0.0287218
20.4 0.028428
20.5 0.0281331
20.6 0.027837
20.7 0.0275398
20.8 0.0272415
20.9 0.0269422
21 0.0266419
21.1 0.0263407
21.2 0.0260388
21.3 0.0257363
21.4 0.0254333
21.5 0.0251301
21.6 0.0248268
21.7 0.0245238
21.8 0.0242212
21.9 0.0239194
22 0.0236187
22.1 0.0233194
22.2 0.0230217
22.3 0.022726
22.4 0.0224326
22.5 0.0221417
22.6 0.0218537
22.7 0.0215687
22.8 0.0212869
22.9 0.0210086
23 0.020734
23.1 0.0204632
23.2 0.0201963
23.3 0.0199334
23.4 0.0196746
23.5 0.0194201
23.6 0.01917
23.7 0.0189242
23.8 0.018683
23.9 0.0184464
24 0.0182145
24.1 0.0179876
24.2 0.0177657
24.3 0.017549
24.4 0.0173377
24.5 0.0171319
24.6 0.016932
24.7 0.0167381
24.8 0.0165503
24.9 0.0163688
25 0.0161939
25.1 0.0160255
25.2 0.0158639
25.3 0.0157089
25.4 0.0155607
25.5 0.015419
25.6 0.0152839
25.7 0.0151551
25.8 0.0150323
25.9 0.0149152
26 0.0148035
26.1 0.0146968
26.2 0.0145947
26.3 0.0144966
26.4 0.0144021
26.5 0.0143108
26.6 0.0142221
26.7 0.0141356
26.8 0.0140509
26.9 0.0139675
27 0.0138852
27.1 0.0138035
27.2 0.0137222
27.3 0.0136411
27.4 0.01356
27.5 0.0134788
27.6 0.0133974
27.7 0.0133157
27.8 0.0132337
27.9 0.0131514
28 0.013069
28.1 0.0129864
28.2 0.0129038
28.3 0.0128213
28.4 0.0127389
28.5 0.0126568
28.6 0.012575
28.7 0.0124938
28.8 0.0124131
28.9 0.0123331
29 0.012254
29.1 0.0121756
29.2 0.0120982
29.3 0.0120218
29.4 0.0119465
29.5 0.0118721
29.6 0.0117989
29.7 0.0117267
29.8 0.0116556
29.9 0.0115856
30 0.0115166
30.1 0.0114485
30.2 0.0113813
30.3 0.011315
30.4 0.0112495
30.5 0.0111848
30.6 0.0111207
30.7 0.0110572
30.8 0.0109942
30.9 0.0109318
31 0.01087
31.1 0.0108086
31.2 0.0107478
31.3 0.0106875
31.4 0.0106278
31.5 0.0105689
31.6 0.0105107
31.7 0.0104535
31.8 0.0103973
31.9 0.0103423
32 0.0102887
32.1 0.0102366
32.2 0.0101862
32.3 0.0101376
32.4 0.0100911
32.5 0.0100467
32.6 0.0100048
32.7 0.00996524
32.8 0.00992833
32.9 0.00989411
33 0.00986267
33.1 0.00983405
33.2 0.00980828
33.3 0.00978536
33.4 0.00976527
33.5 0.00974796
33.6 0.00973334
33.7 0.00972131
33.8 0.00971176
33.9 0.00970453
34 0.00969947
34.1 0.0096964
34.2 0.00969512
34.3 0.00969544
34.4 0.00969714
34.5 0.0097
34.6 0.00970379
34.7 0.00970828
34.8 0.00971325
34.9 0.00971844
35 0.00972362
35.1 0.00972855
35.2 0.00973299
35.3 0.0097367
35.4 0.00973941
35.5 0.00974091
35.6 0.00974092
35.7 0.00973923
35.8 0.00973557
35.9 0.00972971
36 0.00972143
36.1 0.00971049
36.2 0.00969668
36.3 0.00967979
36.4 0.00965965
36.5 0.00963607
36.6 0.00960891
36.7 0.00957805
36.8 0.00954339
36.9 0.00950487
37 0.00946246
37.1 0.00941616
37.2 0.00936601
37.3 0.00931208
37.4 0.00925448
37.5 0.00919336
37.6 0.00912891
37.7 0.00906132
37.8 0.00899084
37.9 0.00891772
38 0.00884225
38.1 0.00876472
38.2 0.00868543
38.3 0.00860468
38.4 0.00852277
38.5 0.00844
38.6 0.00835664
38.7 0.00827298
38.8 0.00818923
38.9 0.00810564
39 0.0080224
39.1 0.00793967
39.2 0.0078576
39.3 0.00777631
39.4 0.00769589
39.5 0.00761639
39.6 0.00753787
39.7 0.00746033
39.8 0.00738379
39.9 0.00730821
40 0.00723357
40.1 0.00715983
40.2 0.00708693
40.3 0.00701481
40.4 0.00694341
40.5 0.00687266
40.6 0.00680249
40.7 0.00673284
40.8 0.00666364
40.9 0.00659484
41 0.00652638
41.1 0.00645822
41.2 0.00639033
41.3 0.00632268
41.4 0.00625526
41.5 0.00618808
41.6 0.00612113
41.7 0.00605446
41.8 0.00598808
41.9 0.00592206
42 0.00585644
42.1 0.0057913
42.2 0.0057267
42.3 0.00566274
42.4 0.0055995
42.5 0.00553706
42.6 0.00547553
42.7 0.00541498
42.8 0.00535551
42.9 0.00529721
43 0.00524015
43.1 0.0051844
43.2 0.00513005
43.3 0.00507713
43.4 0.0050257
43.5 0.0049758
43.6 0.00492745
43.7 0.00488066
43.8 0.00483544
43.9 0.00479178
44 0.00474963
44.1 0.00470897
44.2 0.00466974
44.3 0.00463186
44.4 0.00459526
44.5 0.00455984
44.6 0.00452549
44.7 0.0044921
44.8 0.00445955
44.9 0.00442771
45 0.00439646
45.1 0.00436565
45.2 0.00433518
45.3 0.00430492
45.4 0.00427478
45.5 0.00424466
45.6 0.00421448
45.7 0.00418419
45.8 0.00415375
45.9 0.00412315
46 0.00409239
46.1 0.0040615
46.2 0.00403052
46.3 0.00399953
46.4 0.00396861
46.5 0.00393785
46.6 0.00390736
46.7 0.00387724
46.8 0.00384763
46.9 0.00381862
47 0.00379034
47.1 0.00376289
47.2 0.00373635
47.3 0.00371081
47.4 0.00368633
47.5 0.00366294
47.6 0.00364069
47.7 0.00361956
47.8 0.00359955
47.9 0.00358063
48 0.00356275
48.1 0.00354584
48.2 0.00352982
48.3 0.0035146
48.4 0.00350009
48.5 0.00348619
48.6 0.00347277
48.7 0.00345974
48.8 0.00344698
48.9 0.00343439
49 0.00342186
49.1 0.00340931
49.2 0.00339664
49.3 0.00338377
49.4 0.00337063
49.5 0.00335715
49.6 0.00334328
49.7 0.00332896
49.8 0.00331416
49.9 0.00329883
50 0.00328294
50.1 0.00326647
50.2 0.0032494
50.3 0.00323171
50.4 0.00321338
50.5 0.00319441
50.6 0.0031748
50.7 0.00315455
50.8 0.00313366
50.9 0.00311217
51 0.00309007
51.1 0.00306742
51.2 0.00304424
51.3 0.00302058
51.4 0.0029965
51.5 0.00297205
51.6 0.00294731
51.7 0.00292234
51.8 0.00289723
51.9 0.00287205
52 0.00284688
52.1 0.00282181
52.2 0.00279689
52.3 0.00277221
52.4 0.00274783
52.5 0.00272379
52.6 0.00270014
52.7 0.00267691
52.8 0.00265412
52.9 0.00263177
53 0.00260986
53.1 0.00258837
53.2 0.00256728
53.3 0.00254654
53.4 0.00252612
53.5 0.00250595
53.6 0.002486
53.7 0.0024662
53.8 0.00244649
53.9 0.00242682
54 0.00240713
54.1 0.00238739
54.2 0.00236755
54.3 0.00234757
54.4 0.00232743
54.5 0.00230711
54.6 0.0022866
54.7 0.0022659
54.8 0.00224501
54.9 0.00222395
55 0.00220273
55.1 0.00218136
55.2 0.00215987
55.3 0.00213829
55.4 0.00211664
55.5 0.00209494
55.6 0.0020732
55.7 0.00205144
55.8 0.00202967
55.9 0.00200789
56 0.00198609
56.1 0.00196428
56.2 0.00194242
56.3 0.00192051
56.4 0.00189852
56.5 0.00187642
56.6 0.00185417
56.7 0.00183175
56.8 0.00180912
56.9 0.00178625
57 0.0017631
57.1 0.00173966
57.2 0.0017159
57.3 0.00169179
57.4 0.00166733
57.5 0.00164251
57.6 0.00161733
57.7 0.00159178
57.8 0.00156589
57.9 0.00153967
58 0.00151314
58.1 0.00148633
58.2 0.00145928
58.3 0.00143202
58.4 0.0014046
58.5 0.00137706
58.6 0.00134946
58.7 0.00132184
58.8 0.00129424
58.9 0.00126673
59 0.00123934
59.1 0.00121213
59.2 0.00118513
59.3 0.00115837
59.4 0.0011319
59.5 0.00110574
59.6 0.00107989
59.7 0.00105439
59.8 0.00102924
59.9 0.00100443
60 0.000979972
60.1 0.00095585
60.2 0.000932055
60.3 0.000908573
60.4 0.000885389
60.5 0.000862489
60.6 0.000839857
60.7 0.000817481
60.8 0.00079535
60.9 0.000773456
61 0.000751795
61.1 0.000730367
61.2 0.000709174
61.3 0.000688223
61.4 0.000667525
61.5 0.000647093
61.6 0.00062694
61.7 0.000607084
61.8 0.000587541
61.9 0.000568329
62 0.000549465
62.1 0.000530963
62.2 0.000512838
62.3 0.0004951
62.4 0.000477758
62.5 0.000460818
62.6 0.000444285
62.7 0.000428158
62.8 0.000412435
62.9 0.000397112
63 0.000382184
63.1 0.000367642
63.2 0.000353477
63.3 0.00033968
63.4 0.00032624
63.5 0.000313146
63.6 0.000300388
63.7 0.000287957
63.8 0.000275845
63.9 0.000264044
64 0.000252547
64.1 0.00024135
64.2 0.000230449
64.3 0.000219842
64.4 0.00020953
64.5 0.000199511
64.6 0.000189789
64.7 0.000180366
64.8 0.000171245
64.9 0.000162432
65 0.000153929
65.1 0.000145742
65.2 0.000137875
65.3 0.000130331
65.4 0.000123112
65.5 0.000116221
65.6 0.000109656
65.7 0.000103418
65.8 9.75034e-05
65.9 9.19072e-05
66 8.66233e-05
66.1 8.16438e-05
66.2 7.6959e-05
66.3 7.25578e-05
66.4 6.84278e-05
66.5 6.45555e-05
66.6 6.09265e-05
66.7 5.75259e-05
66.8 5.43384e-05
66.9 5.1349e-05
67 4.85426e-05
67.1 4.59049e-05
67.2 4.34221e-05
67.3 4.10817e-05
67.4 3.88719e-05
67.5 3.67826e-05
67.6 3.48044e-05
67.7 3.29296e-05
67.8 3.11515e-05
67.9 2.94646e-05
68 2.78645e-05
68.1 2.63476e-05
68.2 2.49111e-05
68.3 2.35527e-05
68.4 2.22709e-05
68.5 2.10638e-05
68.6 1.99302e-05
68.7 1.88684e-05
68.8 1.78768e-05
68.9 1.69534e-05
69 1.60961e-05
69.1 1.53022e-05
69.2 1.4569e-05
69.3 1.3893e-05
69.4 1.3271e-05
69.5 1.26991e-05
69.6 1.21736e-05
69.7 1.16907e-05
69.8 1.12466e-05
69.9 1.08376e-05
70 1.04604e-05
70.1 1.01118e-05
70.2 9.789e-06
70.3 9.48967e-06
70.4 9.2119e-06
70.5 8.95406e-06
70.6 8.71491e-06
70.7 8.49366e-06
70.8 8.2898e-06
70.9 8.10304e-06
71 7.93326e-06
71.1 7.78059e-06
71.2 7.64508e-06
71.3 7.52691e-06
71.4 7.42618e-06
71.5 7.34294e-06
71.6 7.2772e-06
71.7 7.22881e-06
71.8 7.19756e-06
71.9 7.18316e-06
72 7.18525e-06
72.1 7.20344e-06
72.2 7.23735e-06
72.3 7.2866e-06
72.4 7.35087e-06
72.5 7.42999e-06
72.6 7.52377e-06
72.7 7.63224e-06
72.8 7.75549e-06
72.9 7.89372e-06
73 8.04722e-06
73.1 8.21633e-06
73.2 8.40139e-06
73.3 8.60271e-06
73.4 8.82058e-06
73.5 9.05507e-06
73.6 9.30613e-06
73.7 9.57345e-06
73.8 9.85643e-06
73.9 1.01542e-05
74 1.04654e-05
74.1 1.07885e-05
74.2 1.11214e-05
74.3 1.14617e-05
74.4 1.18066e-05
74.5 1.21529e-05
74.6 1.24973e-05
74.7 1.2836e-05
74.8 1.31652e-05
74.9 1.34807e-05
75 1.37785e-05
75.1 1.40545e-05
75.2 1.43048e-05
75.3 1.45257e-05
75.4 1.47135e-05
75.5 1.48653e-05
75.6 1.49782e-05
75.7 1.505e-05
75.8 1.50791e-05
75.9 1.50643e-05
76 1.50051e-05
76.1 1.49016e-05
76.2 1.47545e-05
76.3 1.45652e-05
76.4 1.43355e-05
76.5 1.40679e-05
76.6 1.37651e-05
76.7 1.34304e-05
76.8 1.30675e-05
76.9 1.26799e-05
77 1.22718e-05
77.1 1.1847e-05
77.2 1.14094e-05
77.3 1.09629e-05
77.4 1.05111e-05
77.5 1.00572e-05
77.6 9.60444e-06
77.7 9.15532e-06
77.8 8.71217e-06
77.9 8.27689e-06
78 7.851e-06
78.1 7.43564e-06
78.2 7.0316e-06
78.3 6.63943e-06
78.4 6.25936e-06
78.5 5.89146e-06
78.6 5.53563e-06
78.7 5.19168e-06
78.8 4.85939e-06
78.9 4.5385e-06
79 4.22878e-06
79.1 3.93009e-06
79.2 3.64231e-06
79.3 3.36546e-06
79.4 3.09957e-06
79.5 2.84479e-06
79.6 2.60131e-06
79.7 2.36935e-06
79.8 2.14918e-06
79.9 1.94103e-06
80 1.74511e-06
80.1 1.56159e-06
80.2 1.39056e-06
80.3 1.23203e-06
80.4 1.08592e-06
80.5 9.52058e-07
80.6 8.30164e-07
80.7 7.1986e-07
80.8 6.20686e-07
80.9 5.32102e-07
81 4.53501e-07
81.1 3.84228e-07
81.2 3.23584e-07
81.3 2.70874e-07
81.4 2.25368e-07
81.5 1.86354e-07
81.6 1.53132e-07
81.7 1.25056e-07
81.8 1.01487e-07
81.9 8.18402e-08
82 6.55717e-08
82.1 5.22096e-08
82.2 4.13048e-08
82.3 3.24682e-08
82.4 2.53579e-08
82.5 1.96702e-08
82.6 1.51657e-08
82.7 1.16169e-08
82.8 8.83301e-09
82.9 6.67914e-09
83 5.01751e-09
