-4 1.96618e-06
-3.9 2.6472e-06
-3.8 3.54313e-06
-3.7 4.7139e-06
-3.6 6.23488e-06
-3.5 8.19905e-06
-3.4 1.07203e-05
-3.3 1.39372e-05
-3.2 1.80164e-05
-3.1 2.3159e-05
-3 2.96029e-05
-2.9 3.76297e-05
-2.8 4.75695e-05
-2.7 5.98062e-05
-2.6 7.47817e-05
-2.5 9.30031e-05
-2.4 0.000115045
-2.3 0.000141556
-2.2 0.00017326
-2.1 0.000210958
-2 0.00025553
-1.9 0.000307935
-1.8 0.000369207
-1.7 0.000440452
-1.6 0.000522841
-1.5 0.0006176
-1.4 0.000726003
-1.3 0.000849356
-1.2 0.000988986
-1.1 0.00114622
-1 0.00132237
-0.9 0.00151871
-0.8 0.00173648
-0.7 0.00197681
-0.6 0.00224077
-0.5 0.0025293
-0.4 0.0028432
-0.3 0.00318314
-0.2 0.00354963
-0.1 0.00394298
2.41474e-15 0.00436333
0.1 0.00481064
0.2 0.00528467
0.3 0.00578497
0.4 0.00631092
0.5 0.0068617
0.6 0.00743634
0.7 0.00803367
0.8 0.00865241
0.9 0.00929111
1 0.00994822
1.1 0.0106221
1.2 0.011311
1.3 0.0120132
1.4 0.0127269
1.5 0.0134501
1.6 0.0141811
1.7 0.014918
1.8 0.0156591
1.9 0.0164026
2 0.0171467
2.1 0.01789
2.2 0.0186308
2.3 0.0193677
2.4 0.0200993
2.5 0.0208244
2.6 0.0215419
2.7 0.0222506
2.8 0.0229497
2.9 0.0236382
3 0.0243155
3.1 0.0249807
3.2 0.0256335
3.3 0.0262732
3.4 0.0268995
3.5 0.027512
3.6 0.0281105
3.7 0.0286947
3.8 0.0292646
3.9 0.0298199
4 0.0303606
4.1 0.0308868
4.2 0.0313984
4.3 0.0318955
4.4 0.0323781
4.5 0.0328464
4.6 0.0333003
4.7 0.0337401
4.8 0.0341657
4.9 0.0345773
5 0.0349748
5.1 0.0353585
5.2 0.0357283
5.3 0.0360842
5.4 0.0364262
5.5 0.0367543
5.6 0.0370685
5.7 0.0373686
5.8 0.0376547
5.9 0.0379266
6 0.0381843
6.1 0.0384277
6.2 0.0386568
6.3 0.0388714
6.4 0.0390717
6.5 0.0392576
6.6 0.0394292
6.7 0.0395865
6.8 0.0397298
6.9 0.0398593
7 0.0399751
7.1 0.0400777
7.2 0.0401673
7.3 0.0402443
7.4 0.0403092
7.5 0.0403624
7.6 0.0404045
7.7 0.0404358
7.8 0.0404571
7.9 0.0404687
8 0.0404712
8.1 0.0404652
8.2 0.0404511
8.3 0.0404295
8.4 0.0404007
8.5 0.0403653
8.6 0.0403236
8.7 0.0402761
8.8 0.040223
8.9 0.0401648
9 0.0401016
9.1 0.0400339
9.2 0.0399618
9.3 0.0398857
9.4 0.0398058
9.5 0.0397224
9.6 0.0396358
9.7 0.0395462
9.8 0.0394539
9.9 0.0393592
10 0.0392625
10.1 0.0391641
10.2 0.0390642
10.3 0.0389634
10.4 0.0388619
10.5 0.03876
10.6 0.0386582
10.7 0.0385567
10.8 0.0384559
10.9 0.0383561
11 0.0382575
11.1 0.0381603
11.2 0.0380648
11.3 0.0379711
11.4 0.0378794
11.5 0.0377897
11.6 0.0377021
11.7 0.0376165
11.8 0.0375331
11.9 0.0374517
12 0.0373723
12.1 0.0372949
12.2 0.0372192
12.3 0.0371453
12.4 0.037073
12.5 0.0370022
12.6 0.0369328
12.7 0.0368646
12.8 0.0367975
12.9 0.0367315
13 0.0366664
13.1 0.036602
13.2 0.0365382
13.3 0.0364748
13.4 0.0364118
13.5 0.0363488
13.6 0.0362858
13.7 0.0362225
13.8 0.0361587
13.9 0.0360942
14 0.0360287
14.1 0.0359619
14.2 0.0358937
14.3 0.0358237
14.4 0.0357517
14.5 0.0356774
14.6 0.0356006
14.7 0.0355211
14.8 0.0354387
14.9 0.0353532
15 0.0352644
15.1 0.0351723
15.2 0.0350767
15.3 0.0349775
15.4 0.0348747
15.5 0.0347683
15.6 0.0346582
15.7 0.0345446
15.8 0.0344272
15.9 0.0343063
16 0.0341817
16.1 0.0340535
16.2 0.0339217
16.3 0.0337862
16.4 0.033647
16.5 0.033504
16.6 0.0333572
16.7 0.0332063
16.8 0.0330514
16.9 0.0328921
17 0.0327285
17.1 0.0325602
17.2 0.0323872
17.3 0.0322093
17.4 0.0320263
17.5 0.031838
17.6 0.0316444
17.7 0.0314453
17.8 0.0312405
17.9 0.0310301
18 0.0308141
18.1 0.0305923
18.2 0.0303648
18.3 0.0301317
18.4 0.0298931
18.5 0.0296491
18.6 0.0293999
18.7 0.0291456
18.8 0.0288865
18.9 0.0286229
19 0.028355
19.1 0.0280831
19.2 0.0278076
19.3 0.027529
19.4 0.0272475
19.5 0.0269635
19.6 0.0266777
19.7 0.0263903
19.8 0.0261019
19.9 0.0258129
20 0.0255239
20.1 0.0252352
20.2 0.0249474
20.3 0.0246608
20.4 0.024376
20.5 0.0240934
20.6 0.0238132
20.7 0.023536
20.8 0.023262
20.9 0.0229915
21 0.0227248
21.1 0.0224622
21.2 0.0222039
21.3 0.02195
21.4 0.0217007
21.5 0.0214563
21.6 0.0212167
21.7 0.0209822
21.8 0.0207528
21.9 0.0205286
22 0.0203096
22.1 0.020096
22.2 0.0198877
22.3 0.0196847
22.4 0.0194872
22.5 0.019295
22.6 0.0191082
22.7 0.0189267
22.8 0.0187504
22.9 0.0185794
23 0.0184136
23.1 0.0182529
23.2 0.0180972
23.3 0.0179464
23.4 0.0178005
23.5 0.0176594
23.6 0.017523
23.7 0.0173911
23.8 0.0172639
23.9 0.017141
24 0.0170226
24.1 0.0169085
24.2 0.0167987
24.3 0.016693
24.4 0.0165916
24.5 0.0164942
24.6 0.0164008
24.7 0.0163114
24.8 0.0162259
24.9 0.0161442
25 0.0160663
25.1 0.015992
25.2 0.0159213
25.3 0.015854
25.4 0.0157901
25.5 0.0157294
25.6 0.0156718
25.7 0.0156172
25.8 0.0155654
25.9 0.0155164
26 0.0154698
26.1 0.0154257
26.2 0.0153838
26.3 0.015344
26.4 0.0153062
26.5 0.0152701
26.6 0.0152358
26.7 0.015203
26.8 0.0151716
26.9 0.0151416
27 0.0151127
27.1 0.0150849
27.2 0.0150581
27.3 0.0150322
27.4 0.0150072
27.5 0.014983
27.6 0.0149596
27.7 0.0149368
27.8 0.0149148
27.9 0.0148935
28 0.0148729
28.1 0.0148529
28.2 0.0148336
28.3 0.014815
28.4 0.014797
28.5 0.0147796
28.6 0.0147627
28.7 0.0147464
28.8 0.0147304
28.9 0.0147146
29 0.014699
29.1 0.0146833
29.2 0.0146674
29.3 0.014651
29.4 0.0146339
29.5 0.0146158
29.6 0.0145965
29.7 0.0145756
29.8 0.014553
29.9 0.0145283
30 0.0145012
30.1 0.0144717
30.2 0.0144393
30.3 0.0144041
30.4 0.0143658
30.5 0.0143243
30.6 0.0142796
30.7 0.0142316
30.8 0.0141804
30.9 0.0141261
31 0.0140687
31.1 0.0140084
31.2 0.0139453
31.3 0.0138796
31.4 0.0138117
31.5 0.0137415
31.6 0.0136695
31.7 0.0135959
31.8 0.0135209
31.9 0.0134447
32 0.0133676
32.1 0.0132898
32.2 0.0132116
32.3 0.013133
32.4 0.0130544
32.5 0.0129758
32.6 0.0128975
32.7 0.0128195
32.8 0.012742
32.9 0.0126651
33 0.0125889
33.1 0.0125134
33.2 0.0124388
33.3 0.0123651
33.4 0.0122923
33.5 0.0122206
33.6 0.0121499
33.7 0.0120803
33.8 0.0120119
33.9 0.0119446
34 0.0118786
34.1 0.0118139
34.2 0.0117505
34.3 0.0116884
34.4 0.0116276
34.5 0.0115682
34.6 0.0115101
34.7 0.0114534
34.8 0.011398
34.9 0.0113439
35 0.0112911
35.1 0.0112395
35.2 0.011189
35.3 0.0111396
35.4 0.0110912
35.5 0.0110437
35.6 0.0109971
35.7 0.0109514
35.8 0.0109064
35.9 0.0108621
36 0.0108186
36.1 0.0107757
36.2 0.0107336
36.3 0.0106921
36.4 0.0106514
36.5 0.0106115
36.6 0.0105723
36.7 0.010534
36.8 0.0104966
36.9 0.0104602
37 0.0104246
37.1 0.01039
37.2 0.0103564
37.3 0.0103236
37.4 0.0102917
37.5 0.0102605
37.6 0.0102299
37.7 0.0101998
37.8 0.0101701
37.9 0.0101405
38 0.010111
38.1 0.0100812
38.2 0.010051
38.3 0.0100203
38.4 0.00998878
38.5 0.00995637
38.6 0.00992291
38.7 0.00988827
38.8 0.00985236
38.9 0.00981512
39 0.00977651
39.1 0.00973652
39.2 0.00969515
39.3 0.00965245
39.4 0.00960845
39.5 0.00956323
39.6 0.00951685
39.7 0.00946938
39.8 0.00942091
39.9 0.00937149
40 0.00932118
40.1 0.00927001
40.2 0.00921803
40.3 0.00916525
40.4 0.00911166
40.5 0.00905725
40.6 0.00900199
40.7 0.00894586
40.8 0.00888881
40.9 0.0088308
41 0.0087718
41.1 0.00871179
41.2 0.00865074
41.3 0.00858866
41.4 0.00852556
41.5 0.00846148
41.6 0.00839647
41.7 0.0083306
41.8 0.00826397
41.9 0.00819667
42 0.00812882
42.1 0.00806055
42.2 0.00799199
42.3 0.00792327
42.4 0.00785451
42.5 0.00778583
42.6 0.00771732
42.7 0.00764908
42.8 0.00758117
42.9 0.00751363
43 0.00744648
43.1 0.00737972
43.2 0.00731331
43.3 0.00724721
43.4 0.00718134
43.5 0.0071156
43.6 0.0070499
43.7 0.00698412
43.8 0.00691812
43.9 0.00685178
44 0.00678496
44.1 0.00671755
44.2 0.00664941
44.3 0.00658045
44.4 0.00651056
44.5 0.00643966
44.6 0.00636769
44.7 0.00629461
44.8 0.00622038
44.9 0.00614502
45 0.00606852
45.1 0.00599093
45.2 0.0059123
45.3 0.0058327
45.4 0.0057522
45.5 0.00567092
45.6 0.00558895
45.7 0.00550642
45.8 0.00542346
45.9 0.00534019
46 0.00525675
46.1 0.00517327
46.2 0.00508987
46.3 0.00500669
46.4 0.00492384
46.5 0.00484143
46.6 0.00475956
46.7 0.0046783
46.8 0.00459774
46.9 0.00451792
47 0.0044389
47.1 0.00436069
47.2 0.0042833
47.3 0.00420674
47.4 0.00413098
47.5 0.00405599
47.6 0.00398174
47.7 0.00390816
47.8 0.00383522
47.9 0.00376283
48 0.00369095
48.1 0.00361952
48.2 0.00354846
48.3 0.00347773
48.4 0.00340727
48.5 0.00333705
48.6 0.00326704
48.7 0.00319722
48.8 0.00312758
48.9 0.00305811
49 0.00298885
49.1 0.00291982
49.2 0.00285105
49.3 0.00278258
49.4 0.00271449
49.5 0.00264682
49.6 0.00257965
49.7 0.00251304
49.8 0.00244708
49.9 0.00238184
50 0.00231738
50.1 0.00225378
50.2 0.0021911
50.3 0.0021294
50.4 0.00206873
50.5 0.00200914
50.6 0.00195066
50.7 0.00189332
50.8 0.00183714
50.9 0.00178213
51 0.0017283
51.1 0.00167562
51.2 0.00162411
51.3 0.00157373
51.4 0.00152448
51.5 0.00147631
51.6 0.00142922
51.7 0.00138317
51.8 0.00133813
51.9 0.00129408
52 0.00125099
52.1 0.00120883
52.2 0.0011676
52.3 0.00112727
52.4 0.00108782
52.5 0.00104924
52.6 0.00101152
52.7 0.000974653
52.8 0.000938635
52.9 0.000903459
53 0.000869123
53.1 0.000835624
53.2 0.00080296
53.3 0.000771129
53.4 0.00074013
53.5 0.000709962
53.6 0.000680623
53.7 0.000652111
53.8 0.000624424
53.9 0.00059756
54 0.000571518
54.1 0.000546293
54.2 0.000521885
54.3 0.000498291
54.4 0.000475508
54.5 0.000453533
54.6 0.000432364
54.7 0.000411997
54.8 0.000392427
54.9 0.000373649
55 0.000355658
55.1 0.000338444
55.2 0.000321998
55.3 0.000306309
55.4 0.000291362
55.5 0.000277142
55.6 0.000263631
55.7 0.000250807
55.8 0.000238649
55.9 0.000227131
56 0.000216227
56.1 0.000205908
56.2 0.000196144
56.3 0.000186905
56.4 0.000178158
56.5 0.000169873
56.6 0.000162018
56.7 0.000154561
56.8 0.000147473
56.9 0.000140724
57 0.000134287
57.1 0.000128135
57.2 0.000122245
57.3 0.000116593
57.4 0.000111162
57.5 0.000105932
57.6 0.000100888
57.7 9.60174e-05
57.8 9.13086e-05
57.9 8.67526e-05
58 8.23424e-05
58.1 7.80726e-05
58.2 7.39398e-05
58.3 6.99417e-05
58.4 6.60776e-05
58.5 6.23477e-05
58.6 5.87532e-05
58.7 5.52958e-05
58.8 5.19781e-05
58.9 4.88025e-05
59 4.5772e-05
59.1 4.2889e-05
59.2 4.01561e-05
59.3 3.75752e-05
59.4 3.51478e-05
59.5 3.28744e-05
59.6 3.07552e-05
59.7 2.87892e-05
59.8 2.69745e-05
59.9 2.53087e-05
60 2.37879e-05
60.1 2.24077e-05
60.2 2.11628e-05
60.3 2.00472e-05
60.4 1.90542e-05
60.5 1.81765e-05
60.6 1.74067e-05
60.7 1.67367e-05
60.8 1.61585e-05
60.9 1.5664e-05
61 1.52452e-05
61.1 1.48943e-05
61.2 1.46036e-05
61.3 1.4366e-05
61.4 1.41744e-05
61.5 1.40225e-05
61.6 1.3904e-05
61.7 1.38133e-05
61.8 1.37449e-05
61.9 1.3694e-05
62 1.36558e-05
62.1 1.3626e-05
62.2 1.36006e-05
62.3 1.35757e-05
62.4 1.35478e-05
62.5 1.35136e-05
62.6 1.347e-05
62.7 1.34142e-05
62.8 1.33439e-05
62.9 1.32568e-05
63 1.31514e-05
63.1 1.30261e-05
63.2 1.28801e-05
63.3 1.2713e-05
63.4 1.25247e-05
63.5 1.23157e-05
63.6 1.20869e-05
63.7 1.18397e-05
63.8 1.15757e-05
63.9 1.12971e-05
64 1.10061e-05
64.1 1.07052e-05
64.2 1.03971e-05
64.3 1.00846e-05
64.4 9.77025e-06
64.5 9.45666e-06
64.6 9.14627e-06
64.7 8.84126e-06
64.8 8.54354e-06
64.9 8.25472e-06
65 7.97613e-06
65.1 7.70866e-06
65.2 7.45288e-06
65.3 7.20904e-06
65.4 6.97702e-06
65.5 6.75643e-06
65.6 6.54661e-06
65.7 6.34667e-06
65.8 6.15555e-06
65.9 5.97209e-06
66 5.79501e-06
66.1 5.62309e-06
66.2 5.4551e-06
66.3 5.28996e-06
66.4 5.12671e-06
66.5 4.9646e-06
66.6 4.80311e-06
66.7 4.64198e-06
66.8 4.48125e-06
66.9 4.32121e-06
67 4.16246e-06
67.1 4.00587e-06
67.2 3.85254e-06
67.3 3.70375e-06
67.4 3.56095e-06
67.5 3.42567e-06
67.6 3.29948e-06
67.7 3.1839e-06
67.8 3.08034e-06
67.9 2.99004e-06
68 2.914e-06
68.1 2.85293e-06
68.2 2.80719e-06
68.3 2.7768e-06
68.4 2.76135e-06
68.5 2.76005e-06
68.6 2.77169e-06
68.7 2.79472e-06
68.8 2.82726e-06
68.9 2.86711e-06
69 2.91187e-06
69.1 2.95901e-06
69.2 3.00588e-06
69.3 3.04984e-06
69.4 3.08837e-06
69.5 3.11908e-06
69.6 3.13979e-06
69.7 3.14865e-06
69.8 3.14411e-06
69.9 3.12505e-06
70 3.09071e-06
70.1 3.0408e-06
70.2 2.97541e-06
70.3 2.89503e-06
70.4 2.80054e-06
70.5 2.69313e-06
70.6 2.57427e-06
70.7 2.44565e-06
70.8 2.30914e-06
70.9 2.16668e-06
71 2.02027e-06
71.1 1.87188e-06
71.2 1.72339e-06
71.3 1.57658e-06
71.4 1.43309e-06
71.5 1.29432e-06
71.6 1.16149e-06
71.7 1.0356e-06
71.8 9.1741e-07
71.9 8.07479e-07
72 7.06139e-07
72.1 6.13535e-07
72.2 5.29634e-07
72.3 4.54254e-07
72.4 3.87086e-07
72.5 3.27718e-07
72.6 2.75662e-07
72.7 2.30376e-07
72.8 1.91284e-07
72.9 1.57799e-07
73 1.29325e-07
73.1 1.05311e-07
73.2 8.52016e-08
73.3 6.84859e-08
73.4 5.46935e-08
73.5 4.3396e-08
73.6 3.42093e-08
73.7 2.67929e-08
73.8 2.08485e-08
73.9 1.6118e-08
