-4 1.63124e-06
-3.9 2.16284e-06
-3.8 2.85245e-06
-3.7 3.74165e-06
-3.6 4.88103e-06
-3.5 6.33319e-06
-3.4 8.17328e-06
-3.3 1.0492e-05
-3.2 1.33973e-05
-3.1 1.70179e-05
-3 2.15046e-05
-2.9 2.70338e-05
-2.8 3.38105e-05
-2.7 4.20702e-05
-2.6 5.20831e-05
-2.5 6.41558e-05
-2.4 7.86342e-05
-2.3 9.59047e-05
-2.2 0.000116396
-2.1 0.000140582
-2 0.00016898
-1.9 0.00020215
-1.8 0.000240696
-1.7 0.000285262
-1.6 0.00033653
-1.5 0.000395213
-1.4 0.000462055
-1.3 0.000537819
-1.2 0.000623286
-1.1 0.000719243
-1 0.000826476
-0.9 0.00094576
-0.8 0.00107785
-0.7 0.00122348
-0.6 0.00138334
-0.5 0.00155806
-0.4 0.00174825
-0.3 0.00195441
-0.2 0.00217701
-0.1 0.00241642
2.41474e-15 0.00267295
0.1 0.00294679
0.2 0.00323809
0.3 0.00354687
0.4 0.0038731
0.5 0.00421665
0.6 0.00457729
0.7 0.00495474
0.8 0.00534864
0.9 0.00575856
1 0.00618399
1.1 0.0066244
1.2 0.00707919
1.3 0.00754772
1.4 0.00802932
1.5 0.00852329
1.6 0.00902891
1.7 0.00954544
1.8 0.0100722
1.9 0.0106083
2 0.0111531
2.1 0.0117059
2.2 0.012266
2.3 0.0128326
2.4 0.0134051
2.5 0.0139829
2.6 0.0145653
2.7 0.0151518
2.8 0.0157419
2.9 0.016335
3 0.0169308
3.1 0.0175287
3.2 0.0181284
3.3 0.0187297
3.4 0.0193321
3.5 0.0199355
3.6 0.0205395
3.7 0.0211441
3.8 0.0217489
3.9 0.0223539
4 0.0229588
4.1 0.0235636
4.2 0.0241681
4.3 0.0247722
4.4 0.0253757
4.5 0.0259786
4.6 0.0265806
4.7 0.0271816
4.8 0.0277814
4.9 0.02838
5 0.0289772
5.1 0.0295727
5.2 0.0301664
5.3 0.0307581
5.4 0.0313476
5.5 0.0319347
5.6 0.0325191
5.7 0.0331007
5.8 0.0336792
5.9 0.0342542
6 0.0348256
6.1 0.035393
6.2 0.0359561
6.3 0.0365145
6.4 0.0370679
6.5 0.0376159
6.6 0.038158
6.7 0.0386939
6.8 0.0392231
6.9 0.039745
7 0.0402593
7.1 0.0407654
7.2 0.0412628
7.3 0.0417511
7.4 0.0422297
7.5 0.0426983
7.6 0.0431562
7.7 0.0436031
7.8 0.0440386
7.9 0.0444622
8 0.0448737
8.1 0.0452726
8.2 0.0456588
8.3 0.0460319
8.4 0.0463917
8.5 0.0467381
8.6 0.0470708
8.7 0.0473898
8.8 0.0476949
8.9 0.0479861
9 0.0482633
9.1 0.0485265
9.2 0.0487757
9.3 0.0490109
9.4 0.0492323
9.5 0.0494397
9.6 0.0496334
9.7 0.0498134
9.8 0.0499798
9.9 0.0501328
10 0.0502726
10.1 0.0503992
10.2 0.0505129
10.3 0.0506139
10.4 0.0507025
10.5 0.0507788
10.6 0.050843
10.7 0.0508956
10.8 0.0509366
10.9 0.0509664
11 0.0509852
11.1 0.0509934
11.2 0.0509911
11.3 0.0509786
11.4 0.0509562
11.5 0.0509241
11.6 0.0508825
11.7 0.0508316
11.8 0.0507716
11.9 0.0507026
12 0.0506249
12.1 0.0505384
12.2 0.0504434
12.3 0.0503399
12.4 0.0502279
12.5 0.0501077
12.6 0.0499791
12.7 0.0498423
12.8 0.0496972
12.9 0.0495441
13 0.0493828
13.1 0.0492135
13.2 0.0490362
13.3 0.048851
13.4 0.048658
13.5 0.0484573
13.6 0.048249
13.7 0.0480331
13.8 0.04781
13.9 0.0475795
14 0.047342
14.1 0.0470976
14.2 0.0468463
14.3 0.0465883
14.4 0.0463238
14.5 0.0460529
14.6 0.0457756
14.7 0.0454921
14.8 0.0452025
14.9 0.0449069
15 0.0446053
15.1 0.0442978
15.2 0.0439845
15.3 0.0436653
15.4 0.0433405
15.5 0.04301
15.6 0.042674
15.7 0.0423324
15.8 0.0419853
15.9 0.041633
16 0.0412754
16.1 0.0409128
16.2 0.0405452
16.3 0.0401728
16.4 0.0397959
16.5 0.0394146
16.6 0.0390291
16.7 0.0386397
16.8 0.0382465
16.9 0.03785
17 0.0374504
17.1 0.0370479
17.2 0.0366429
17.3 0.0362356
17.4 0.0358265
17.5 0.0354157
17.6 0.0350037
17.7 0.0345908
17.8 0.0341773
17.9 0.0337636
18 0.0333501
18.1 0.0329369
18.2 0.0325246
18.3 0.0321135
18.4 0.0317039
18.5 0.0312961
18.6 0.0308905
18.7 0.0304873
18.8 0.030087
18.9 0.0296898
19 0.029296
19.1 0.0289057
19.2 0.0285194
19.3 0.0281371
19.4 0.0277591
19.5 0.0273855
19.6 0.0270163
19.7 0.0266518
19.8 0.0262918
19.9 0.0259365
20 0.0255859
20.1 0.0252397
20.2 0.024898
20.3 0.0245607
20.4 0.0242277
20.5 0.0238987
20.6 0.0235737
20.7 0.0232525
20.8 0.0229349
20.9 0.0226209
21 0.0223102
21.1 0.0220029
21.2 0.0216987
21.3 0.0213977
21.4 0.0210998
21.5 0.020805
21.6 0.0205134
21.7 0.0202249
21.8 0.0199397
21.9 0.0196578
22 0.0193794
22.1 0.0191046
22.2 0.0188336
22.3 0.0185665
22.4 0.0183034
22.5 0.0180445
22.6 0.01779
22.7 0.0175399
22.8 0.0172945
22.9 0.0170538
23 0.0168179
23.1 0.0165869
23.2 0.0163609
23.3 0.01614
23.4 0.0159243
23.5 0.0157137
23.6 0.0155085
23.7 0.0153085
23.8 0.015114
23.9 0.014925
24 0.0147416
24.1 0.0145638
24.2 0.0143918
24.3 0.0142256
24.4 0.0140654
24.5 0.0139112
24.6 0.0137633
24.7 0.0136215
24.8 0.0134861
24.9 0.0133571
25 0.0132346
25.1 0.0131184
25.2 0.0130087
25.3 0.0129053
25.4 0.0128082
25.5 0.0127172
25.6 0.0126322
25.7 0.0125529
25.8 0.0124791
25.9 0.0124105
26 0.0123469
26.1 0.0122878
26.2 0.012233
26.3 0.012182
26.4 0.0121346
26.5 0.0120903
26.6 0.0120487
26.7 0.0120095
26.8 0.0119723
26.9 0.0119368
27 0.0119026
27.1 0.0118694
27.2 0.011837
27.3 0.0118049
27.4 0.011773
27.5 0.0117409
27.6 0.0117085
27.7 0.0116754
27.8 0.0116416
27.9 0.0116067
28 0.0115706
28.1 0.011533
28.2 0.0114939
28.3 0.0114531
28.4 0.0114104
28.5 0.0113657
28.6 0.0113189
28.7 0.0112699
28.8 0.0112187
28.9 0.0111653
29 0.0111095
29.1 0.0110515
29.2 0.0109913
29.3 0.010929
29.4 0.0108646
29.5 0.0107982
29.6 0.0107301
29.7 0.0106603
29.8 0.0105891
29.9 0.0105165
30 0.0104429
30.1 0.0103684
30.2 0.0102931
30.3 0.0102174
30.4 0.0101413
30.5 0.0100652
30.6 0.00998906
30.7 0.0099132
30.8 0.00983775
30.9 0.00976286
31 0.00968869
31.1 0.00961535
31.2 0.00954299
31.3 0.00947173
31.4 0.00940169
31.5 0.00933297
31.6 0.00926568
31.7 0.00919993
31.8 0.00913583
31.9 0.00907347
32 0.00901297
32.1 0.00895444
32.2 0.00889797
32.3 0.00884368
32.4 0.00879167
32.5 0.00874206
32.6 0.00869494
32.7 0.00865042
32.8 0.00860858
32.9 0.00856951
33 0.00853329
33.1 0.00849995
33.2 0.00846956
33.3 0.00844213
33.4 0.00841765
33.5 0.00839612
33.6 0.00837747
33.7 0.00836164
33.8 0.00834853
33.9 0.00833802
34 0.00832996
34.1 0.00832416
34.2 0.00832044
34.3 0.00831857
34.4 0.00831831
34.5 0.0083194
34.6 0.00832156
34.7 0.00832452
34.8 0.00832796
34.9 0.00833158
35 0.00833508
35.1 0.00833815
35.2 0.00834046
35.3 0.00834171
35.4 0.00834161
35.5 0.00833987
35.6 0.0083362
35.7 0.00833034
35.8 0.00832205
35.9 0.00831109
36 0.00829726
36.1 0.00828037
36.2 0.00826027
36.3 0.00823683
36.4 0.00820993
36.5 0.00817952
36.6 0.00814553
36.7 0.00810796
36.8 0.00806683
36.9 0.00802218
37 0.00797408
37.1 0.00792264
37.2 0.00786799
37.3 0.00781028
37.4 0.00774968
37.5 0.00768638
37.6 0.00762059
37.7 0.00755253
37.8 0.00748241
37.9 0.00741046
38 0.00733691
38.1 0.00726198
38.2 0.00718589
38.3 0.00710885
38.4 0.00703104
38.5 0.00695265
38.6 0.00687385
38.7 0.00679479
38.8 0.0067156
38.9 0.00663638
39 0.00655725
39.1 0.00647827
39.2 0.00639953
39.3 0.00632106
39.4 0.0062429
39.5 0.00616508
39.6 0.00608761
39.7 0.00601049
39.8 0.00593373
39.9 0.0058573
40 0.00578119
40.1 0.00570538
40.2 0.00562985
40.3 0.00555456
40.4 0.00547949
40.5 0.00540462
40.6 0.00532993
40.7 0.0052554
40.8 0.00518102
40.9 0.00510679
41 0.00503272
41.1 0.00495884
41.2 0.00488518
41.3 0.00481178
41.4 0.00473872
41.5 0.00466607
41.6 0.00459393
41.7 0.0045224
41.8 0.0044516
41.9 0.00438168
42 0.00431276
42.1 0.00424499
42.2 0.00417852
42.3 0.0041135
42.4 0.00405006
42.5 0.00398833
42.6 0.00392844
42.7 0.00387049
42.8 0.00381455
42.9 0.0037607
43 0.00370897
43.1 0.00365937
43.2 0.00361189
43.3 0.00356651
43.4 0.00352314
43.5 0.00348173
43.6 0.00344215
43.7 0.00340429
43.8 0.00336801
43.9 0.00333316
44 0.00329959
44.1 0.00326714
44.2 0.00323564
44.3 0.00320495
44.4 0.0031749
44.5 0.00314535
44.6 0.00311619
44.7 0.00308728
44.8 0.00305853
44.9 0.00302987
45 0.00300122
45.1 0.00297256
45.2 0.00294385
45.3 0.00291509
45.4 0.0028863
45.5 0.00285751
45.6 0.00282876
45.7 0.00280013
45.8 0.00277169
45.9 0.00274353
46 0.00271573
46.1 0.00268842
46.2 0.00266169
46.3 0.00263565
46.4 0.00261042
46.5 0.00258611
46.6 0.00256281
46.7 0.00254064
46.8 0.00251968
46.9 0.00250003
47 0.00248175
47.1 0.00246493
47.2 0.0024496
47.3 0.00243582
47.4 0.00242362
47.5 0.00241301
47.6 0.002404
47.7 0.00239658
47.8 0.00239074
47.9 0.00238645
48 0.00238367
48.1 0.00238233
48.2 0.00238239
48.3 0.00238378
48.4 0.00238642
48.5 0.00239022
48.6 0.0023951
48.7 0.00240096
48.8 0.00240772
48.9 0.00241527
49 0.00242352
49.1 0.00243237
49.2 0.00244171
49.3 0.00245146
49.4 0.00246151
49.5 0.00247178
49.6 0.00248218
49.7 0.00249262
49.8 0.00250303
49.9 0.00251332
50 0.00252343
50.1 0.00253329
50.2 0.00254285
50.3 0.00255206
50.4 0.00256087
50.5 0.00256925
50.6 0.00257717
50.7 0.00258461
50.8 0.00259155
50.9 0.00259799
51 0.00260394
51.1 0.00260941
51.2 0.00261441
51.3 0.00261897
51.4 0.00262312
51.5 0.0026269
51.6 0.00263035
51.7 0.00263352
51.8 0.00263644
51.9 0.00263918
52 0.00264177
52.1 0.00264427
52.2 0.0026467
52.3 0.00264912
52.4 0.00265155
52.5 0.00265401
52.6 0.00265652
52.7 0.00265909
52.8 0.0026617
52.9 0.00266436
53 0.00266704
53.1 0.00266969
53.2 0.00267229
53.3 0.00267478
53.4 0.00267709
53.5 0.00267918
53.6 0.00268096
53.7 0.00268236
53.8 0.00268331
53.9 0.00268373
54 0.00268355
54.1 0.0026827
54.2 0.00268111
54.3 0.00267873
54.4 0.0026755
54.5 0.00267138
54.6 0.00266632
54.7 0.00266032
54.8 0.00265334
54.9 0.00264538
55 0.00263644
55.1 0.00262653
55.2 0.00261566
55.3 0.00260384
55.4 0.00259111
55.5 0.00257749
55.6 0.002563
55.7 0.00254767
55.8 0.00253153
55.9 0.00251459
56 0.00249688
56.1 0.00247841
56.2 0.0024592
56.3 0.00243925
56.4 0.00241857
56.5 0.00239715
56.6 0.00237501
56.7 0.00235213
56.8 0.00232851
56.9 0.00230415
57 0.00227904
57.1 0.00225318
57.2 0.00222657
57.3 0.00219922
57.4 0.00217113
57.5 0.00214231
57.6 0.00211279
57.7 0.00208259
57.8 0.00205174
57.9 0.00202028
58 0.00198824
58.1 0.00195567
58.2 0.00192263
58.3 0.00188916
58.4 0.00185535
58.5 0.00182123
58.6 0.00178689
58.7 0.00175238
58.8 0.00171777
58.9 0.00168313
59 0.00164852
59.1 0.00161399
59.2 0.00157961
59.3 0.00154542
59.4 0.00151147
59.5 0.00147779
59.6 0.00144441
59.7 0.00141136
59.8 0.00137864
59.9 0.00134629
60 0.00131429
60.1 0.00128264
60.2 0.00125135
60.3 0.00122041
60.4 0.0011898
60.5 0.00115951
60.6 0.00112954
60.7 0.00109988
60.8 0.00107052
60.9 0.00104146
61 0.00101269
61.1 0.000984221
61.2 0.000956058
61.3 0.000928211
61.4 0.000900693
61.5 0.000873518
61.6 0.000846706
61.7 0.000820276
61.8 0.000794246
61.9 0.000768638
62 0.00074347
62.1 0.00071876
62.2 0.000694523
62.3 0.000670773
62.4 0.000647521
62.5 0.000624775
62.6 0.000602539
62.7 0.000580816
62.8 0.000559605
62.9 0.000538903
63 0.000518705
63.1 0.000499003
63.2 0.00047979
63.3 0.000461057
63.4 0.000442794
63.5 0.000424991
63.6 0.000407639
63.7 0.000390731
63.8 0.000374257
63.9 0.000358212
64 0.000342591
64.1 0.000327389
64.2 0.000312604
64.3 0.000298234
64.4 0.000284281
64.5 0.000270745
64.6 0.000257628
64.7 0.000244933
64.8 0.000232662
64.9 0.000220821
65 0.00020941
65.1 0.000198435
65.2 0.000187896
65.3 0.000177796
65.4 0.000168134
65.5 0.00015891
65.6 0.00015012
65.7 0.00014176
65.8 0.000133826
65.9 0.000126307
66 0.000119195
66.1 0.000112479
66.2 0.000106145
66.3 0.000100179
66.4 9.45651e-05
66.5 8.92861e-05
66.6 8.43246e-05
66.7 7.96624e-05
66.8 7.52811e-05
66.9 7.11623e-05
67 6.72882e-05
67.1 6.36413e-05
67.2 6.02052e-05
67.3 5.69642e-05
67.4 5.39039e-05
67.5 5.10114e-05
67.6 4.82749e-05
67.7 4.56841e-05
67.8 4.323e-05
67.9 4.09049e-05
68 3.87021e-05
68.1 3.66162e-05
68.2 3.46423e-05
68.3 3.27767e-05
68.4 3.10157e-05
68.5 2.93563e-05
68.6 2.77956e-05
68.7 2.63307e-05
68.8 2.49587e-05
68.9 2.36764e-05
69 2.24805e-05
69.1 2.13672e-05
69.2 2.03326e-05
69.3 1.93723e-05
69.4 1.84818e-05
69.5 1.76561e-05
69.6 1.68903e-05
69.7 1.61794e-05
69.8 1.55182e-05
69.9 1.4902e-05
70 1.43258e-05
70.1 1.37853e-05
70.2 1.32762e-05
70.3 1.27948e-05
70.4 1.23377e-05
70.5 1.1902e-05
70.6 1.14854e-05
70.7 1.10858e-05
70.8 1.07016e-05
70.9 1.03317e-05
71 9.9753e-06
71.1 9.63199e-06
71.2 9.30157e-06
71.3 8.98417e-06
71.4 8.68006e-06
71.5 8.38971e-06
71.6 8.11372e-06
71.7 7.85278e-06
71.8 7.60771e-06
71.9 7.37931e-06
72 7.16846e-06
72.1 6.97598e-06
72.2 6.80277e-06
72.3 6.64964e-06
72.4 6.51737e-06
72.5 6.40667e-06
72.6 6.31815e-06
72.7 6.2523e-06
72.8 6.20949e-06
72.9 6.18992e-06
73 6.19362e-06
73.1 6.22039e-06
73.2 6.26986e-06
73.3 6.34142e-06
73.4 6.43423e-06
73.5 6.54722e-06
73.6 6.67918e-06
73.7 6.82861e-06
73.8 6.99386e-06
73.9 7.17316e-06
74 7.36455e-06
74.1 7.566e-06
74.2 7.7754e-06
74.3 7.99058e-06
74.4 8.20934e-06
74.5 8.42951e-06
74.6 8.64891e-06
74.7 8.86546e-06
74.8 9.07711e-06
74.9 9.2819e-06
75 9.47797e-06
75.1 9.66358e-06
75.2 9.83709e-06
75.3 9.99701e-06
75.4 1.0142e-05
75.5 1.02708e-05
75.6 1.03825e-05
75.7 1.0476e-05
75.8 1.05508e-05
75.9 1.06061e-05
76 1.06418e-05
76.1 1.06575e-05
76.2 1.06533e-05
76.3 1.06294e-05
76.4 1.0586e-05
76.5 1.05236e-05
76.6 1.04428e-05
76.7 1.03444e-05
76.8 1.02292e-05
76.9 1.00981e-05
77 9.95201e-06
77.1 9.79191e-06
77.2 9.61877e-06
77.3 9.43354e-06
77.4 9.23713e-06
77.5 9.03037e-06
77.6 8.81404e-06
77.7 8.58884e-06
77.8 8.35539e-06
77.9 8.11426e-06
78 7.86595e-06
78.1 7.6109e-06
78.2 7.34957e-06
78.3 7.08238e-06
78.4 6.80977e-06
78.5 6.53227e-06
78.6 6.25042e-06
78.7 5.96487e-06
78.8 5.67636e-06
78.9 5.38572e-06
79 5.09389e-06
79.1 4.80192e-06
79.2 4.51095e-06
79.3 4.22218e-06
79.4 3.93688e-06
79.5 3.65633e-06
79.6 3.38184e-06
79.7 3.11466e-06
79.8 2.85602e-06
79.9 2.60703e-06
80 2.36872e-06
80.1 2.14197e-06
80.2 1.92752e-06
80.3 1.72594e-06
80.4 1.53764e-06
80.5 1.36285e-06
80.6 1.20161e-06
80.7 1.05386e-06
80.8 9.19318e-07
80.9 7.97608e-07
81 6.88219e-07
81.1 5.90548e-07
81.2 5.0391e-07
81.3 4.27563e-07
81.4 3.60729e-07
81.5 3.02605e-07
81.6 2.52391e-07
81.7 2.09295e-07
81.8 1.72551e-07
81.9 1.4142e-07
82 1.15237e-07
82.1 9.33506e-08
82.2 7.51754e-08
82.3 6.01812e-08
82.4 4.78923e-08
82.5 3.78864e-08
82.6 2.97926e-08
82.7 2.3277e-08
82.8 1.80875e-08
82.9 1.39707e-08
83 1.07261e-08
