-7 2.41534e-06
-6.9 2.87573e-06
-6.8 3.41682e-06
-6.7 4.05131e-06
-6.6 4.79447e-06
-6.5 5.66276e-06
-6.4 6.67526e-06
-6.3 7.85403e-06
-6.2 9.22272e-06
-6.1 1.08088e-05
-6 1.2644e-05
-5.9 1.47622e-05
-5.8 1.72019e-05
-5.7 2.00067e-05
-5.6 2.32256e-05
-5.5 2.69123e-05
-5.4 3.11249e-05
-5.3 3.59301e-05
-5.2 4.13995e-05
-5.1 4.76132e-05
-5 5.4658e-05
-4.9 6.26308e-05
-4.8 7.16348e-05
-4.7 8.17834e-05
-4.6 9.32004e-05
-4.5 0.000106019
-4.4 0.000120383
-4.3 0.000136449
-4.2 0.000154381
-4.1 0.000174359
-4 0.000196574
-3.9 0.000221229
-3.8 0.000248539
-3.7 0.000278733
-3.6 0.000312052
-3.5 0.00034875
-3.4 0.000389093
-3.3 0.000433361
-3.2 0.000481845
-3.1 0.000534846
-3 0.00059268
-2.9 0.000655669
-2.8 0.000724148
-2.7 0.000798458
-2.6 0.00087895
-2.5 0.00096598
-2.4 0.00105991
-2.3 0.0011611
-2.2 0.00126993
-2.1 0.00138675
-2 0.00151194
-1.9 0.00164585
-1.8 0.00178886
-1.7 0.00194131
-1.6 0.00210354
-1.5 0.00227588
-1.4 0.00245866
-1.3 0.00265218
-1.2 0.00285672
-1.1 0.00307256
-1 0.00329994
-0.9 0.00353908
-0.8 0.00379019
-0.7 0.00405344
-0.6 0.00432897
-0.5 0.00461689
-0.4 0.00491729
-0.3 0.00523023
-0.2 0.00555571
-0.1 0.00589373
-8.13238e-15 0.00624423
0.1 0.00660713
0.2 0.0069823
0.3 0.00736958
0.4 0.00776879
0.5 0.00817969
0.6 0.00860202
0.7 0.00903547
0.8 0.00947973
0.9 0.00993442
1 0.0103992
1.1 0.0108735
1.2 0.011357
1.3 0.0118492
1.4 0.0123495
1.5 0.0128575
1.6 0.0133726
1.7 0.0138942
1.8 0.0144217
1.9 0.0149546
2 0.0154922
2.1 0.0160338
2.2 0.0165789
2.3 0.0171267
2.4 0.0176768
2.5 0.0182283
2.6 0.0187806
2.7 0.0193331
2.8 0.0198851
2.9 0.020436
3 0.0209852
3.1 0.021532
3.2 0.0220757
3.3 0.0226159
3.4 0.0231518
3.5 0.023683
3.6 0.0242087
3.7 0.0247286
3.8 0.0252421
3.9 0.0257487
4 0.0262478
4.1 0.0267391
4.2 0.027222
4.3 0.0276963
4.4 0.0281615
4.5 0.0286172
4.6 0.0290631
4.7 0.0294989
4.8 0.0299243
4.9 0.0303391
5 0.0307431
5.1 0.031136
5.2 0.0315177
5.3 0.0318881
5.4 0.032247
5.5 0.0325943
5.6 0.03293
5.7 0.0332541
5.8 0.0335665
5.9 0.0338672
6 0.0341563
6.1 0.0344338
6.2 0.0346999
6.3 0.0349544
6.4 0.0351977
6.5 0.0354298
6.6 0.0356508
6.7 0.0358609
6.8 0.0360602
6.9 0.036249
7 0.0364273
7.1 0.0365953
7.2 0.0367533
7.3 0.0369014
7.4 0.0370398
7.5 0.0371686
7.6 0.0372882
7.7 0.0373986
7.8 0.0375001
7.9 0.0375928
8 0.0376768
8.1 0.0377525
8.2 0.0378199
8.3 0.0378792
8.4 0.0379306
8.5 0.0379741
8.6 0.0380101
8.7 0.0380385
8.8 0.0380596
8.9 0.0380735
9 0.0380803
9.1 0.0380801
9.2 0.038073
9.3 0.0380593
9.4 0.0380389
9.5 0.038012
9.6 0.0379788
9.7 0.0379393
9.8 0.0378937
9.9 0.0378421
10 0.0377846
10.1 0.0377213
10.2 0.0376523
10.3 0.0375778
10.4 0.0374979
10.5 0.0374128
10.6 0.0373225
10.7 0.0372272
10.8 0.037127
10.9 0.0370221
11 0.0369126
11.1 0.0367987
11.2 0.0366805
11.3 0.0365581
11.4 0.0364316
11.5 0.0363014
11.6 0.0361673
11.7 0.0360297
11.8 0.0358887
11.9 0.0357443
12 0.0355967
12.1 0.0354461
12.2 0.0352925
12.3 0.0351361
12.4 0.034977
12.5 0.0348153
12.6 0.0346511
12.7 0.0344844
12.8 0.0343155
12.9 0.0341443
13 0.033971
13.1 0.0337955
13.2 0.0336181
13.3 0.0334386
13.4 0.0332573
13.5 0.033074
13.6 0.0328889
13.7 0.0327021
13.8 0.0325134
13.9 0.032323
14 0.0321309
14.1 0.0319371
14.2 0.0317416
14.3 0.0315444
14.4 0.0313456
14.5 0.0311452
14.6 0.0309431
14.7 0.0307394
14.8 0.0305341
14.9 0.0303272
15 0.0301187
15.1 0.0299087
15.2 0.0296971
15.3 0.0294839
15.4 0.0292692
15.5 0.029053
15.6 0.0288353
15.7 0.0286161
15.8 0.0283954
15.9 0.0281733
16 0.0279497
16.1 0.0277247
16.2 0.0274983
16.3 0.0272705
16.4 0.0270412
16.5 0.0268107
16.6 0.0265787
16.7 0.0263455
16.8 0.0261109
16.9 0.025875
17 0.0256378
17.1 0.0253994
17.2 0.0251597
17.3 0.0249187
17.4 0.0246766
17.5 0.0244332
17.6 0.0241886
17.7 0.0239429
17.8 0.023696
17.9 0.023448
18 0.023199
18.1 0.0229489
18.2 0.0226977
18.3 0.0224456
18.4 0.0221926
18.5 0.0219387
18.6 0.0216839
18.7 0.0214284
18.8 0.0211722
18.9 0.0209153
19 0.0206578
19.1 0.0203999
19.2 0.0201415
19.3 0.0198828
19.4 0.0196239
19.5 0.0193649
19.6 0.0191058
19.7 0.0188467
19.8 0.0185879
19.9 0.0183293
20 0.0180711
20.1 0.0178135
20.2 0.0175564
20.3 0.0173001
20.4 0.0170447
20.5 0.0167903
20.6 0.0165369
20.7 0.0162848
20.8 0.016034
20.9 0.0157848
21 0.015537
21.1 0.015291
21.2 0.0150469
21.3 0.0148046
21.4 0.0145644
21.5 0.0143264
21.6 0.0140906
21.7 0.0138572
21.8 0.0136263
21.9 0.0133979
22 0.0131723
22.1 0.0129494
22.2 0.0127294
22.3 0.0125124
22.4 0.0122985
22.5 0.0120878
22.6 0.0118803
22.7 0.0116762
22.8 0.0114755
22.9 0.0112784
23 0.0110849
23.1 0.0108951
23.2 0.0107091
23.3 0.010527
23.4 0.0103488
23.5 0.0101747
23.6 0.0100047
23.7 0.00983886
23.8 0.00967733
23.9 0.00952014
24 0.00936735
24.1 0.00921904
24.2 0.00907526
24.3 0.00893608
24.4 0.00880154
24.5 0.0086717
24.6 0.00854659
24.7 0.00842626
24.8 0.00831075
24.9 0.00820008
25 0.00809427
25.1 0.00799335
25.2 0.00789732
25.3 0.0078062
25.4 0.00771999
25.5 0.00763867
25.6 0.00756225
25.7 0.0074907
25.8 0.00742401
25.9 0.00736216
26 0.0073051
26.1 0.00725282
26.2 0.00720527
26.3 0.00716242
26.4 0.00712421
26.5 0.00709061
26.6 0.00706156
26.7 0.00703702
26.8 0.00701693
26.9 0.00700124
27 0.00698991
27.1 0.00698287
27.2 0.00698008
27.3 0.00698149
27.4 0.00698704
27.5 0.00699669
27.6 0.00701038
27.7 0.00702809
27.8 0.00704976
27.9 0.00707536
28 0.00710484
28.1 0.00713818
28.2 0.00717534
28.3 0.00721629
28.4 0.00726101
28.5 0.00730946
28.6 0.00736163
28.7 0.00741749
28.8 0.00747703
28.9 0.00754023
29 0.00760707
29.1 0.00767753
29.2 0.00775161
29.3 0.00782928
29.4 0.00791052
29.5 0.00799533
29.6 0.00808367
29.7 0.00817554
29.8 0.00827091
29.9 0.00836976
30 0.00847205
30.1 0.00857776
30.2 0.00868685
30.3 0.00879929
30.4 0.00891502
30.5 0.009034
30.6 0.00915617
30.7 0.00928147
30.8 0.00940985
30.9 0.00954121
31 0.0096755
31.1 0.00981261
31.2 0.00995247
31.3 0.010095
31.4 0.01024
31.5 0.0103875
31.6 0.0105372
31.7 0.0106892
31.8 0.0108432
31.9 0.0109991
32 0.0111567
32.1 0.011316
32.2 0.0114768
32.3 0.0116389
32.4 0.0118021
32.5 0.0119663
32.6 0.0121313
32.7 0.012297
32.8 0.0124631
32.9 0.0126296
33 0.0127961
33.1 0.0129626
33.2 0.0131289
33.3 0.0132947
33.4 0.0134599
33.5 0.0136244
33.6 0.013788
33.7 0.0139504
33.8 0.0141116
33.9 0.0142714
34 0.0144296
34.1 0.014586
34.2 0.0147405
34.3 0.014893
34.4 0.0150434
34.5 0.0151914
34.6 0.015337
34.7 0.01548
34.8 0.0156203
34.9 0.0157578
35 0.0158924
35.1 0.016024
35.2 0.0161525
35.3 0.0162778
35.4 0.0163998
35.5 0.0165184
35.6 0.0166335
35.7 0.0167452
35.8 0.0168532
35.9 0.0169575
36 0.0170581
36.1 0.017155
36.2 0.017248
36.3 0.0173371
36.4 0.0174223
36.5 0.0175036
36.6 0.0175809
36.7 0.0176542
36.8 0.0177234
36.9 0.0177887
37 0.0178499
37.1 0.0179071
37.2 0.0179602
37.3 0.0180093
37.4 0.0180545
37.5 0.0180957
37.6 0.0181329
37.7 0.0181663
37.8 0.0181959
37.9 0.0182217
38 0.0182438
38.1 0.0182622
38.2 0.0182772
38.3 0.0182887
38.4 0.0182968
38.5 0.0183017
38.6 0.0183035
38.7 0.0183022
38.8 0.018298
38.9 0.0182911
39 0.0182815
39.1 0.0182695
39.2 0.018255
39.3 0.0182383
39.4 0.0182195
39.5 0.0181988
39.6 0.0181763
39.7 0.018152
39.8 0.0181262
39.9 0.018099
40 0.0180705
40.1 0.0180407
40.2 0.0180099
40.3 0.0179781
40.4 0.0179454
40.5 0.0179118
40.6 0.0178775
40.7 0.0178425
40.8 0.0178067
40.9 0.0177704
41 0.0177333
41.1 0.0176956
41.2 0.0176573
41.3 0.0176182
41.4 0.0175784
41.5 0.0175377
41.6 0.0174961
41.7 0.0174534
41.8 0.0174097
41.9 0.0173647
42 0.0173182
42.1 0.0172702
42.2 0.0172205
42.3 0.0171689
42.4 0.0171152
42.5 0.0170592
42.6 0.0170007
42.7 0.0169395
42.8 0.0168754
42.9 0.0168082
43 0.0167377
43.1 0.0166636
43.2 0.0165858
43.3 0.016504
43.4 0.0164181
43.5 0.0163278
43.6 0.016233
43.7 0.0161336
43.8 0.0160293
43.9 0.01592
44 0.0158057
44.1 0.0156861
44.2 0.0155612
44.3 0.015431
44.4 0.0152954
44.5 0.0151544
44.6 0.015008
44.7 0.0148561
44.8 0.0146989
44.9 0.0145364
45 0.0143686
45.1 0.0141958
45.2 0.0140181
45.3 0.0138355
45.4 0.0136483
45.5 0.0134567
45.6 0.0132609
45.7 0.0130611
45.8 0.0128577
45.9 0.0126508
46 0.0124408
46.1 0.0122279
46.2 0.0120126
46.3 0.011795
46.4 0.0115756
46.5 0.0113547
46.6 0.0111326
46.7 0.0109098
46.8 0.0106865
46.9 0.010463
47 0.0102399
47.1 0.0100174
47.2 0.00979577
47.3 0.00957549
47.4 0.00935685
47.5 0.00914017
47.6 0.00892577
47.7 0.00871394
47.8 0.00850498
47.9 0.00829917
48 0.00809676
48.1 0.00789801
48.2 0.00770314
48.3 0.00751238
48.4 0.00732591
48.5 0.00714392
48.6 0.00696656
48.7 0.00679399
48.8 0.00662632
48.9 0.00646367
49 0.00630613
49.1 0.00615376
49.2 0.00600663
49.3 0.00586476
49.4 0.00572818
49.5 0.0055969
49.6 0.0054709
49.7 0.00535017
49.8 0.00523465
49.9 0.0051243
50 0.00501904
50.1 0.00491881
50.2 0.00482351
50.3 0.00473305
50.4 0.00464731
50.5 0.00456617
50.6 0.00448951
50.7 0.0044172
50.8 0.00434909
50.9 0.00428505
51 0.00422492
51.1 0.00416856
51.2 0.0041158
51.3 0.0040665
51.4 0.00402049
51.5 0.00397761
51.6 0.00393772
51.7 0.00390065
51.8 0.00386625
51.9 0.00383436
52 0.00380484
52.1 0.00377754
52.2 0.00375233
52.3 0.00372906
52.4 0.0037076
52.5 0.00368782
52.6 0.00366961
52.7 0.00365284
52.8 0.00363741
52.9 0.00362321
53 0.00361014
53.1 0.00359811
53.2 0.00358704
53.3 0.00357683
53.4 0.00356742
53.5 0.00355873
53.6 0.0035507
53.7 0.00354326
53.8 0.00353636
53.9 0.00352995
54 0.00352397
54.1 0.00351838
54.2 0.00351314
54.3 0.0035082
54.4 0.00350354
54.5 0.0034991
54.6 0.00349486
54.7 0.00349078
54.8 0.00348683
54.9 0.00348297
55 0.00347918
55.1 0.00347541
55.2 0.00347163
55.3 0.00346781
55.4 0.00346391
55.5 0.0034599
55.6 0.00345574
55.7 0.00345138
55.8 0.0034468
55.9 0.00344194
56 0.00343677
56.1 0.00343124
56.2 0.00342532
56.3 0.00341895
56.4 0.0034121
56.5 0.00340472
56.6 0.00339676
56.7 0.00338819
56.8 0.00337896
56.9 0.00336903
57 0.00335836
57.1 0.00334692
57.2 0.00333466
57.3 0.00332155
57.4 0.00330756
57.5 0.00329267
57.6 0.00327685
57.7 0.00326007
57.8 0.00324232
57.9 0.00322358
58 0.00320385
58.1 0.00318311
58.2 0.00316136
58.3 0.0031386
58.4 0.00311484
58.5 0.00309008
58.6 0.00306433
58.7 0.00303762
58.8 0.00300996
58.9 0.00298137
59 0.00295188
59.1 0.00292152
59.2 0.00289032
59.3 0.00285831
59.4 0.00282552
59.5 0.00279201
59.6 0.0027578
59.7 0.00272293
59.8 0.00268746
59.9 0.00265142
60 0.00261485
60.1 0.0025778
60.2 0.00254031
60.3 0.00250243
60.4 0.00246419
60.5 0.00242565
60.6 0.00238684
60.7 0.0023478
60.8 0.00230858
60.9 0.00226921
61 0.00222973
61.1 0.00219018
61.2 0.00215059
61.3 0.002111
61.4 0.00207144
61.5 0.00203193
61.6 0.00199252
61.7 0.00195322
61.8 0.00191407
61.9 0.00187509
62 0.00183631
62.1 0.00179775
62.2 0.00175943
62.3 0.00172137
62.4 0.0016836
62.5 0.00164613
62.6 0.00160899
62.7 0.00157219
62.8 0.00153574
62.9 0.00149967
63 0.00146399
63.1 0.00142871
63.2 0.00139386
63.3 0.00135943
63.4 0.00132544
63.5 0.00129192
63.6 0.00125885
63.7 0.00122626
63.8 0.00119416
63.9 0.00116255
64 0.00113144
64.1 0.00110084
64.2 0.00107075
64.3 0.00104118
64.4 0.00101213
64.5 0.00098361
64.6 0.000955619
64.7 0.000928159
64.8 0.000901232
64.9 0.000874838
65 0.000848976
65.1 0.000823646
65.2 0.000798846
65.3 0.000774573
65.4 0.000750823
65.5 0.000727594
65.6 0.000704881
65.7 0.000682678
65.8 0.00066098
65.9 0.000639782
66 0.000619076
66.1 0.000598857
66.2 0.000579117
66.3 0.000559848
66.4 0.000541043
66.5 0.000522694
66.6 0.000504793
66.7 0.000487331
66.8 0.000470301
66.9 0.000453694
67 0.000437502
67.1 0.000421717
67.2 0.00040633
67.3 0.000391334
67.4 0.000376721
67.5 0.000362483
67.6 0.000348614
67.7 0.000335105
67.8 0.00032195
67.9 0.000309142
68 0.000296676
68.1 0.000284544
68.2 0.000272742
68.3 0.000261264
68.4 0.000250104
68.5 0.000239259
68.6 0.000228723
68.7 0.000218493
68.8 0.000208563
68.9 0.000198931
69 0.000189592
69.1 0.000180544
69.2 0.000171782
69.3 0.000163304
69.4 0.000155107
69.5 0.000147187
69.6 0.000139541
69.7 0.000132167
69.8 0.000125061
69.9 0.00011822
70 0.000111641
70.1 0.000105321
70.2 9.92551e-05
70.3 9.34411e-05
70.4 8.78748e-05
70.5 8.2552e-05
70.6 7.74687e-05
70.7 7.26207e-05
70.8 6.80033e-05
70.9 6.3612e-05
71 5.94417e-05
71.1 5.54874e-05
71.2 5.17439e-05
71.3 4.82057e-05
71.4 4.48671e-05
71.5 4.17226e-05
71.6 3.87663e-05
71.7 3.5992e-05
71.8 3.3394e-05
71.9 3.09661e-05
72 2.87019e-05
72.1 2.65954e-05
72.2 2.46404e-05
72.3 2.28305e-05
72.4 2.11596e-05
72.5 1.96213e-05
72.6 1.82098e-05
72.7 1.69188e-05
72.8 1.57425e-05
72.9 1.46751e-05
73 1.37106e-05
73.1 1.28434e-05
73.2 1.20682e-05
73.3 1.13794e-05
73.4 1.07717e-05
73.5 1.02403e-05
73.6 9.78032e-06
73.7 9.38684e-06
73.8 9.05526e-06
73.9 8.78136e-06
74 8.56079e-06
74.1 8.38959e-06
74.2 8.26396e-06
74.3 8.18015e-06
74.4 8.13467e-06
74.5 8.12432e-06
74.6 8.14587e-06
74.7 8.19648e-06
74.8 8.27337e-06
74.9 8.37386e-06
75 8.49569e-06
75.1 8.63647e-06
75.2 8.79419e-06
75.3 8.96698e-06
75.4 9.15299e-06
75.5 9.35056e-06
75.6 9.55823e-06
75.7 9.77463e-06
75.8 9.99859e-06
75.9 1.02289e-05
76 1.04645e-05
76.1 1.07046e-05
76.2 1.09482e-05
76.3 1.11946e-05
76.4 1.14431e-05
76.5 1.1693e-05
76.6 1.19435e-05
76.7 1.21942e-05
76.8 1.24444e-05
76.9 1.26936e-05
77 1.2941e-05
77.1 1.31861e-05
77.2 1.34283e-05
77.3 1.36667e-05
77.4 1.39008e-05
77.5 1.41297e-05
77.6 1.43526e-05
77.7 1.45687e-05
77.8 1.47771e-05
77.9 1.49767e-05
78 1.51667e-05
78.1 1.5346e-05
78.2 1.55135e-05
78.3 1.56682e-05
78.4 1.58089e-05
78.5 1.59346e-05
78.6 1.60442e-05
78.7 1.61367e-05
78.8 1.62109e-05
78.9 1.6266e-05
79 1.63009e-05
79.1 1.6315e-05
79.2 1.63074e-05
79.3 1.62774e-05
79.4 1.62246e-05
79.5 1.61484e-05
79.6 1.60487e-05
79.7 1.59251e-05
79.8 1.57779e-05
79.9 1.5607e-05
80 1.54127e-05
80.1 1.51955e-05
80.2 1.4956e-05
80.3 1.4695e-05
80.4 1.44131e-05
80.5 1.41116e-05
80.6 1.37915e-05
80.7 1.3454e-05
80.8 1.31005e-05
80.9 1.27325e-05
81 1.23514e-05
81.1 1.19589e-05
81.2 1.15566e-05
81.3 1.11462e-05
81.4 1.07293e-05
81.5 1.03077e-05
81.6 9.88294e-06
81.7 9.45681e-06
81.8 9.03087e-06
81.9 8.60671e-06
82 8.18583e-06
82.1 7.76965e-06
82.2 7.35953e-06
82.3 6.95673e-06
82.4 6.5624e-06
82.5 6.1776e-06
82.6 5.80328e-06
82.7 5.44028e-06
82.8 5.08933e-06
82.9 4.75104e-06
83 4.42592e-06
83.1 4.11437e-06
83.2 3.81668e-06
83.3 3.53305e-06
83.4 3.26357e-06
83.5 3.00826e-06
83.6 2.76702e-06
83.7 2.53972e-06
83.8 2.32613e-06
83.9 2.12596e-06
84 1.93886e-06
84.1 1.76445e-06
84.2 1.6023e-06
84.3 1.45193e-06
84.4 1.31285e-06
84.5 1.18455e-06
84.6 1.0665e-06
84.7 9.58149e-07
84.8 8.58956e-07
84.9 7.68377e-07
85 6.85871e-07
85.1 6.10907e-07
85.2 5.42964e-07
85.3 4.81539e-07
85.4 4.26142e-07
85.5 3.76306e-07
85.6 3.31581e-07
85.7 2.91541e-07
85.8 2.55784e-07
85.9 2.23928e-07
86 1.95616e-07
86.1 1.70514e-07
86.2 1.48313e-07
86.3 1.28724e-07
86.4 1.11481e-07
86.5 9.63386e-08
86.6 8.30733e-08
86.7 7.14797e-08
86.8 6.13712e-08
86.9 5.25783e-08
87 4.49257e-08
