-7 1.34538e-06
-6.9 1.62324e-06
-6.8 1.95301e-06
-6.7 2.34424e-06
-6.6 2.8077e-06
-6.5 3.35652e-06
-6.4 4.00532e-06
-6.3 4.76774e-06
-6.2 5.663e-06
-6.1 6.71284e-06
-6 7.93918e-06
-5.9 9.36976e-06
-5.8 1.10348e-05
-5.7 1.2969e-05
-5.6 1.52101e-05
-5.5 1.78012e-05
-5.4 2.07918e-05
-5.3 2.42336e-05
-5.2 2.81866e-05
-5.1 3.27177e-05
-5 3.79e-05
-4.9 4.38137e-05
-4.8 5.0548e-05
-4.7 5.81992e-05
-4.6 6.6873e-05
-4.5 7.66872e-05
-4.4 8.77664e-05
-4.3 0.000100247
-4.2 0.000114276
-4.1 0.000130013
-4 0.000147627
-3.9 0.000167302
-3.8 0.000189231
-3.7 0.000213621
-3.6 0.000240691
-3.5 0.000270673
-3.4 0.000303814
-3.3 0.000340369
-3.2 0.000380608
-3.1 0.000424809
-3 0.000473265
-2.9 0.000526278
-2.8 0.00058416
-2.7 0.000647229
-2.6 0.000715814
-2.5 0.00079025
-2.4 0.000870877
-2.3 0.000958038
-2.2 0.00105208
-2.1 0.00115335
-2 0.00126219
-1.9 0.00137895
-1.8 0.00150397
-1.7 0.00163757
-1.6 0.00178009
-1.5 0.00193183
-1.4 0.0020931
-1.3 0.00226419
-1.2 0.00244537
-1.1 0.00263689
-1 0.00283898
-0.9 0.00305186
-0.8 0.00327572
-0.7 0.00351071
-0.6 0.00375699
-0.5 0.00401465
-0.4 0.00428379
-0.3 0.00456444
-0.2 0.00485664
-0.1 0.00516038
-8.13238e-15 0.00547562
0.1 0.00580227
0.2 0.00614025
0.3 0.00648942
0.4 0.00684961
0.5 0.00722061
0.6 0.00760222
0.7 0.00799416
0.8 0.00839615
0.9 0.00880787
1 0.009229
1.1 0.00965915
1.2 0.010098
1.3 0.010545
1.4 0.0109998
1.5 0.011462
1.6 0.0119311
1.7 0.0124066
1.8 0.0128879
1.9 0.0133747
2 0.0138664
2.1 0.0143624
2.2 0.0148623
2.3 0.0153654
2.4 0.0158713
2.5 0.0163794
2.6 0.0168893
2.7 0.0174003
2.8 0.0179119
2.9 0.0184237
3 0.0189351
3.1 0.0194456
3.2 0.0199548
3.3 0.0204622
3.4 0.0209674
3.5 0.0214699
3.6 0.0219693
3.7 0.0224652
3.8 0.0229573
3.9 0.0234452
4 0.0239286
4.1 0.0244073
4.2 0.0248809
4.3 0.0253492
4.4 0.0258121
4.5 0.0262693
4.6 0.0267206
4.7 0.0271661
4.8 0.0276054
4.9 0.0280387
5 0.0284658
5.1 0.0288867
5.2 0.0293015
5.3 0.0297102
5.4 0.0301128
5.5 0.0305094
5.6 0.0309002
5.7 0.0312853
5.8 0.0316647
5.9 0.0320387
6 0.0324075
6.1 0.0327713
6.2 0.0331302
6.3 0.0334846
6.4 0.0338345
6.5 0.0341803
6.6 0.0345222
6.7 0.0348604
6.8 0.0351953
6.9 0.035527
7 0.0358557
7.1 0.0361818
7.2 0.0365054
7.3 0.0368268
7.4 0.0371462
7.5 0.0374638
7.6 0.0377797
7.7 0.0380941
7.8 0.0384072
7.9 0.0387192
8 0.0390299
8.1 0.0393397
8.2 0.0396485
8.3 0.0399564
8.4 0.0402632
8.5 0.0405691
8.6 0.0408739
8.7 0.0411776
8.8 0.04148
8.9 0.0417808
9 0.0420801
9.1 0.0423774
9.2 0.0426725
9.3 0.0429652
9.4 0.043255
9.5 0.0435416
9.6 0.0438246
9.7 0.0441035
9.8 0.0443779
9.9 0.0446472
10 0.0449109
10.1 0.0451685
10.2 0.0454194
10.3 0.0456629
10.4 0.0458984
10.5 0.0461254
10.6 0.0463431
10.7 0.0465509
10.8 0.0467482
10.9 0.0469343
11 0.0471085
11.1 0.0472702
11.2 0.0474187
11.3 0.0475535
11.4 0.0476739
11.5 0.0477794
11.6 0.0478694
11.7 0.0479434
11.8 0.048001
11.9 0.0480417
12 0.048065
12.1 0.0480707
12.2 0.0480584
12.3 0.0480279
12.4 0.0479789
12.5 0.0479114
12.6 0.0478251
12.7 0.04772
12.8 0.0475961
12.9 0.0474534
13 0.047292
13.1 0.0471121
13.2 0.0469137
13.3 0.0466972
13.4 0.0464628
13.5 0.0462107
13.6 0.0459413
13.7 0.045655
13.8 0.0453521
13.9 0.045033
14 0.0446982
14.1 0.0443481
14.2 0.0439832
14.3 0.0436039
14.4 0.0432108
14.5 0.0428043
14.6 0.042385
14.7 0.0419532
14.8 0.0415095
14.9 0.0410545
15 0.0405885
15.1 0.0401121
15.2 0.0396257
15.3 0.0391299
15.4 0.038625
15.5 0.0381116
15.6 0.03759
15.7 0.0370608
15.8 0.0365243
15.9 0.0359811
16 0.0354315
16.1 0.034876
16.2 0.0343151
16.3 0.0337491
16.4 0.0331786
16.5 0.0326039
16.6 0.0320255
16.7 0.0314439
16.8 0.0308596
16.9 0.0302731
17 0.0296848
17.1 0.0290953
17.2 0.028505
17.3 0.0279146
17.4 0.0273245
17.5 0.0267353
17.6 0.0261476
17.7 0.025562
17.8 0.024979
17.9 0.0243993
18 0.0238234
18.1 0.023252
18.2 0.0226856
18.3 0.022125
18.4 0.0215706
18.5 0.0210231
18.6 0.0204832
18.7 0.0199513
18.8 0.0194282
18.9 0.0189143
19 0.0184102
19.1 0.0179165
19.2 0.0174336
19.3 0.0169622
19.4 0.0165025
19.5 0.0160552
19.6 0.0156206
19.7 0.0151991
19.8 0.0147911
19.9 0.014397
20 0.0140169
20.1 0.0136513
20.2 0.0133003
20.3 0.0129641
20.4 0.012643
20.5 0.0123371
20.6 0.0120465
20.7 0.0117712
20.8 0.0115114
20.9 0.011267
21 0.0110382
21.1 0.0108247
21.2 0.0106267
21.3 0.010444
21.4 0.0102765
21.5 0.010124
21.6 0.00998659
21.7 0.00986393
21.8 0.00975589
21.9 0.00966228
22 0.00958289
22.1 0.0095175
22.2 0.00946587
22.3 0.00942776
22.4 0.00940291
22.5 0.00939105
22.6 0.0093919
22.7 0.00940518
22.8 0.0094306
22.9 0.00946784
23 0.00951661
23.1 0.00957658
23.2 0.00964744
23.3 0.00972885
23.4 0.00982047
23.5 0.00992197
23.6 0.010033
23.7 0.0101532
23.8 0.0102822
23.9 0.0104196
24 0.0105652
24.1 0.0107184
24.2 0.0108789
24.3 0.0110463
24.4 0.0112202
24.5 0.0114002
24.6 0.0115859
24.7 0.0117768
24.8 0.0119726
24.9 0.0121728
25 0.012377
25.1 0.0125846
25.2 0.0127954
25.3 0.0130087
25.4 0.0132241
25.5 0.0134412
25.6 0.0136595
25.7 0.0138786
25.8 0.0140978
25.9 0.0143168
26 0.014535
26.1 0.014752
26.2 0.0149672
26.3 0.0151803
26.4 0.0153906
26.5 0.0155978
26.6 0.0158014
26.7 0.0160008
26.8 0.0161957
26.9 0.0163856
27 0.0165701
27.1 0.0167487
27.2 0.0169211
27.3 0.0170869
27.4 0.0172457
27.5 0.0173973
27.6 0.0175413
27.7 0.0176774
27.8 0.0178054
27.9 0.0179251
28 0.0180363
28.1 0.0181389
28.2 0.0182328
28.3 0.0183179
28.4 0.0183942
28.5 0.0184617
28.6 0.0185204
28.7 0.0185704
28.8 0.018612
28.9 0.0186452
29 0.0186702
29.1 0.0186873
29.2 0.0186968
29.3 0.0186989
29.4 0.0186941
29.5 0.0186827
29.6 0.0186651
29.7 0.0186416
29.8 0.0186128
29.9 0.0185792
30 0.0185411
30.1 0.018499
30.2 0.0184535
30.3 0.018405
30.4 0.0183541
30.5 0.0183011
30.6 0.0182467
30.7 0.0181912
30.8 0.0181352
30.9 0.0180791
31 0.0180233
31.1 0.0179682
31.2 0.0179143
31.3 0.0178618
31.4 0.0178113
31.5 0.0177629
31.6 0.017717
31.7 0.0176739
31.8 0.0176338
31.9 0.0175969
32 0.0175635
32.1 0.0175338
32.2 0.0175078
32.3 0.0174858
32.4 0.0174678
32.5 0.017454
32.6 0.0174443
32.7 0.017439
32.8 0.0174379
32.9 0.0174411
33 0.0174487
33.1 0.0174606
33.2 0.0174768
33.3 0.0174972
33.4 0.0175219
33.5 0.0175506
33.6 0.0175835
33.7 0.0176202
33.8 0.0176608
33.9 0.0177052
34 0.0177532
34.1 0.0178046
34.2 0.0178592
34.3 0.017917
34.4 0.0179777
34.5 0.0180411
34.6 0.018107
34.7 0.018175
34.8 0.018245
34.9 0.0183166
35 0.0183896
35.1 0.0184635
35.2 0.0185381
35.3 0.018613
35.4 0.0186878
35.5 0.018762
35.6 0.0188353
35.7 0.0189071
35.8 0.0189771
35.9 0.0190447
36 0.0191095
36.1 0.0191708
36.2 0.0192283
36.3 0.0192814
36.4 0.0193295
36.5 0.0193721
36.6 0.0194087
36.7 0.0194388
36.8 0.0194617
36.9 0.0194771
37 0.0194844
37.1 0.019483
37.2 0.0194726
37.3 0.0194527
37.4 0.0194228
37.5 0.0193826
37.6 0.0193317
37.7 0.0192698
37.8 0.0191966
37.9 0.0191118
38 0.0190151
38.1 0.0189066
38.2 0.0187859
38.3 0.0186532
38.4 0.0185082
38.5 0.0183511
38.6 0.0181818
38.7 0.0180007
38.8 0.0178077
38.9 0.0176031
39 0.0173873
39.1 0.0171604
39.2 0.0169229
39.3 0.0166752
39.4 0.0164176
39.5 0.0161508
39.6 0.0158751
39.7 0.0155912
39.8 0.0152996
39.9 0.0150009
40 0.0146957
40.1 0.0143847
40.2 0.0140685
40.3 0.0137478
40.4 0.0134233
40.5 0.0130956
40.6 0.0127654
40.7 0.0124334
40.8 0.0121002
40.9 0.0117665
41 0.0114329
41.1 0.0111
41.2 0.0107684
41.3 0.0104387
41.4 0.0101115
41.5 0.00978725
41.6 0.00946644
41.7 0.00914954
41.8 0.00883699
41.9 0.00852919
42 0.0082265
42.1 0.00792926
42.2 0.00763777
42.3 0.00735229
42.4 0.00707307
42.5 0.00680029
42.6 0.00653414
42.7 0.00627476
42.8 0.00602225
42.9 0.00577669
43 0.00553815
43.1 0.00530666
43.2 0.00508221
43.3 0.0048648
43.4 0.00465439
43.5 0.00445091
43.6 0.0042543
43.7 0.00406447
43.8 0.0038813
43.9 0.00370469
44 0.00353451
44.1 0.00337061
44.2 0.00321286
44.3 0.00306111
44.4 0.00291519
44.5 0.00277494
44.6 0.00264021
44.7 0.00251083
44.8 0.00238664
44.9 0.00226746
45 0.00215314
45.1 0.00204353
45.2 0.00193845
45.3 0.00183776
45.4 0.0017413
45.5 0.00164894
45.6 0.00156052
45.7 0.00147591
45.8 0.00139498
45.9 0.00131759
46 0.00124363
46.1 0.00117297
46.2 0.00110551
46.3 0.00104113
46.4 0.000979724
46.5 0.000921193
46.6 0.000865438
46.7 0.000812364
46.8 0.00076188
46.9 0.000713899
47 0.000668333
47.1 0.000625101
47.2 0.00058412
47.3 0.000545312
47.4 0.0005086
47.5 0.000473908
47.6 0.000441163
47.7 0.000410291
47.8 0.000381223
47.9 0.000353887
48 0.000328215
48.1 0.000304138
48.2 0.00028159
48.3 0.000260507
48.4 0.000240823
48.5 0.000222474
48.6 0.000205397
48.7 0.000189533
48.8 0.000174822
48.9 0.000161203
49 0.000148621
49.1 0.000137019
49.2 0.000126343
49.3 0.00011654
49.4 0.000107559
49.5 9.93478e-05
49.6 9.18609e-05
49.7 8.50494e-05
49.8 7.88694e-05
49.9 7.32776e-05
50 6.82325e-05
50.1 6.3693e-05
50.2 5.9621e-05
50.3 5.59804e-05
50.4 5.27356e-05
50.5 4.98527e-05
50.6 4.73002e-05
50.7 4.50474e-05
50.8 4.30655e-05
50.9 4.13276e-05
51 3.98074e-05
51.1 3.84813e-05
51.2 3.73265e-05
51.3 3.63207e-05
51.4 3.54442e-05
51.5 3.46783e-05
51.6 3.40052e-05
51.7 3.34091e-05
51.8 3.28756e-05
51.9 3.2391e-05
52 3.19423e-05
52.1 3.15189e-05
52.2 3.11107e-05
52.3 3.07087e-05
52.4 3.03051e-05
52.5 2.98933e-05
52.6 2.94675e-05
52.7 2.90225e-05
52.8 2.85552e-05
52.9 2.80621e-05
53 2.75414e-05
53.1 2.69909e-05
53.2 2.64108e-05
53.3 2.58006e-05
53.4 2.51604e-05
53.5 2.4492e-05
53.6 2.37967e-05
53.7 2.30768e-05
53.8 2.23343e-05
53.9 2.15718e-05
54 2.07925e-05
54.1 1.99993e-05
54.2 1.91956e-05
54.3 1.83843e-05
54.4 1.7569e-05
54.5 1.67529e-05
54.6 1.59394e-05
54.7 1.51317e-05
54.8 1.43328e-05
54.9 1.35453e-05
55 1.27721e-05
55.1 1.20157e-05
55.2 1.12778e-05
55.3 1.05614e-05
55.4 9.86767e-06
55.5 9.19799e-06
55.6 8.55436e-06
55.7 7.93734e-06
55.8 7.34766e-06
55.9 6.78591e-06
56 6.25272e-06
56.1 5.74792e-06
56.2 5.27166e-06
56.3 4.82358e-06
56.4 4.40328e-06
56.5 4.01011e-06
56.6 3.64362e-06
56.7 3.30288e-06
56.8 2.98701e-06
56.9 2.69501e-06
57 2.42587e-06
57.1 2.1785e-06
57.2 1.95176e-06
57.3 1.74453e-06
57.4 1.55565e-06
57.5 1.38396e-06
57.6 1.22834e-06
57.7 1.08766e-06
57.8 9.60832e-07
57.9 8.46803e-07
58 7.44556e-07
58.1 6.53028e-07
58.2 5.71496e-07
58.3 4.98969e-07
58.4 4.34624e-07
58.5 3.77688e-07
58.6 3.27439e-07
58.7 2.8321e-07
58.8 2.44379e-07
58.9 2.10378e-07
59 1.80682e-07
59.1 1.54814e-07
59.2 1.32337e-07
59.3 1.12859e-07
59.4 9.60211e-08
59.5 8.15037e-08
59.6 6.90188e-08
59.7 5.83091e-08
59.8 4.91456e-08
59.9 4.13249e-08
60 3.46672e-08
60.1 2.90138e-08
60.2 2.42253e-08
60.3 2.01796e-08
60.4 1.67702e-08
60.5 1.3904e-08
60.6 1.15006e-08
60.7 9.49034e-09
60.8 7.81308e-09
60.9 6.41714e-09
61 5.25823e-09
61.1 4.2985e-09
61.2 3.50569e-09
61.3 2.8524e-09
61.4 2.31539e-09
61.5 1.87508e-09
61.6 1.51493e-09
61.7 1.22108e-09
61.8 9.81922e-10
61.9 7.87749e-10
62 6.3049e-10
62.1 5.0344e-10
62.2 4.01048e-10
62.3 3.1873e-10
62.4 2.52715e-10
62.5 1.99902e-10
62.6 1.57754e-10
62.7 1.24201e-10
62.8 0
62.9 0
63 0
63.1 0
63.2 0
63.3 0
63.4 0
63.5 0
63.6 0
63.7 0
63.8 0
63.9 0
64 0
64.1 0
64.2 0
64.3 0
64.4 0
64.5 0
64.6 0
64.7 0
64.8 0
64.9 0
65 0
65.1 0
65.2 0
65.3 0
65.4 0
65.5 0
65.6 0
65.7 0
65.8 0
65.9 0
66 0
66.1 0
66.2 0
66.3 0
66.4 0
66.5 0
66.6 0
66.7 0
66.8 1.09962e-10
66.9 1.39834e-10
67 1.77404e-10
67.1 2.2454e-10
67.2 2.83533e-10
67.3 3.57183e-10
67.4 4.4891e-10
67.5 5.62867e-10
67.6 7.04095e-10
67.7 8.78691e-10
67.8 1.09401e-09
67.9 1.35889e-09
68 1.68394e-09
68.1 2.08184e-09
68.2 2.56773e-09
68.3 3.15958e-09
68.4 3.87872e-09
68.5 4.75037e-09
68.6 5.80423e-09
68.7 7.07524e-09
68.8 8.60434e-09
68.9 1.04393e-08
69 1.26359e-08
69.1 1.52588e-08
69.2 1.83829e-08
69.3 2.20945e-08
69.4 2.64933e-08
69.5 3.16932e-08
69.6 3.78247e-08
69.7 4.50364e-08
69.8 5.34973e-08
69.9 6.33985e-08
70 7.49557e-08
70.1 8.84117e-08
70.2 1.04039e-07
70.3 1.2214e-07
70.4 1.43054e-07
70.5 1.67156e-07
70.6 1.9486e-07
70.7 2.26623e-07
70.8 2.62944e-07
70.9 3.0437e-07
71 3.51496e-07
71.1 4.04965e-07
71.2 4.65472e-07
71.3 5.33763e-07
71.4 6.10637e-07
71.5 6.96942e-07
71.6 7.93578e-07
71.7 9.01492e-07
71.8 1.02168e-06
71.9 1.15516e-06
72 1.30303e-06
72.1 1.46636e-06
72.2 1.6463e-06
72.3 1.84398e-06
72.4 2.06055e-06
72.5 2.29714e-06
72.6 2.55489e-06
72.7 2.83489e-06
72.8 3.13819e-06
72.9 3.46579e-06
73 3.81859e-06
73.1 4.19743e-06
73.2 4.60303e-06
73.3 5.03596e-06
73.4 5.49668e-06
73.5 5.98546e-06
73.6 6.5024e-06
73.7 7.04741e-06
73.8 7.62016e-06
73.9 8.22012e-06
74 8.84649e-06
74.1 9.49824e-06
74.2 1.01741e-05
74.3 1.08724e-05
74.4 1.15914e-05
74.5 1.23289e-05
74.6 1.30825e-05
74.7 1.38497e-05
74.8 1.46274e-05
74.9 1.54124e-05
75 1.62015e-05
75.1 1.69911e-05
75.2 1.77772e-05
75.3 1.85561e-05
75.4 1.93236e-05
75.5 2.00756e-05
75.6 2.08079e-05
75.7 2.15163e-05
75.8 2.21965e-05
75.9 2.28446e-05
76 2.34563e-05
76.1 2.40279e-05
76.2 2.45556e-05
76.3 2.5036e-05
76.4 2.54658e-05
76.5 2.58422e-05
76.6 2.61626e-05
76.7 2.64248e-05
76.8 2.6627e-05
76.9 2.67677e-05
77 2.6846e-05
77.1 2.68613e-05
77.2 2.68135e-05
77.3 2.6703e-05
77.4 2.65305e-05
77.5 2.62972e-05
77.6 2.60047e-05
77.7 2.56552e-05
77.8 2.52509e-05
77.9 2.47946e-05
78 2.42894e-05
78.1 2.37387e-05
78.2 2.3146e-05
78.3 2.2515e-05
78.4 2.18499e-05
78.5 2.11546e-05
78.6 2.04334e-05
78.7 1.96904e-05
78.8 1.89299e-05
78.9 1.8156e-05
79 1.73729e-05
79.1 1.65846e-05
79.2 1.57948e-05
79.3 1.50073e-05
79.4 1.42256e-05
79.5 1.3453e-05
79.6 1.26925e-05
79.7 1.19468e-05
79.8 1.12186e-05
79.9 1.051e-05
80 9.82304e-06
80.1 9.15943e-06
80.2 8.52061e-06
80.3 7.90773e-06
80.4 7.3217e-06
80.5 6.76319e-06
80.6 6.23261e-06
80.7 5.73017e-06
80.8 5.25587e-06
80.9 4.80951e-06
81 4.39073e-06
81.1 3.99899e-06
81.2 3.63366e-06
81.3 3.29395e-06
81.4 2.97899e-06
81.5 2.68782e-06
81.6 2.41942e-06
81.7 2.1727e-06
81.8 1.94657e-06
81.9 1.73987e-06
82 1.55147e-06
82.1 1.38023e-06
82.2 1.225e-06
82.3 1.08468e-06
82.4 9.58174e-07
82.5 8.44437e-07
82.6 7.42454e-07
82.7 6.51254e-07
82.8 5.69916e-07
82.9 4.97566e-07
83 4.33381e-07
83.1 3.76589e-07
83.2 3.26471e-07
83.3 2.82359e-07
83.4 2.43633e-07
83.5 2.09726e-07
83.6 1.80113e-07
83.7 1.54319e-07
83.8 1.31908e-07
83.9 1.12487e-07
84 9.57001e-08
