-7 5.27434e-06
-6.9 6.1378e-06
-6.8 7.13041e-06
-6.7 8.26919e-06
-6.6 9.57465e-06
-6.5 1.10685e-05
-6.4 1.27746e-05
-6.3 1.47191e-05
-6.2 1.6932e-05
-6.1 1.94456e-05
-6 2.22963e-05
-5.9 2.55235e-05
-5.8 2.91716e-05
-5.7 3.32883e-05
-5.6 3.79251e-05
-5.5 4.31389e-05
-5.4 4.89926e-05
-5.3 5.55515e-05
-5.2 6.28901e-05
-5.1 7.10859e-05
-5 8.0224e-05
-4.9 9.03957e-05
-4.8 0.0001017
-4.7 0.000114239
-4.6 0.000128127
-4.5 0.000143482
-4.4 0.000160432
-4.3 0.000179109
-4.2 0.000199658
-4.1 0.000222227
-4 0.000246974
-3.9 0.000274064
-3.8 0.00030367
-3.7 0.000335974
-3.6 0.000371162
-3.5 0.00040943
-3.4 0.000450978
-3.3 0.000496015
-3.2 0.000544754
-3.1 0.000597414
-3 0.000654219
-2.9 0.000715396
-2.8 0.000781175
-2.7 0.000851788
-2.6 0.00092747
-2.5 0.00100845
-2.4 0.00109497
-2.3 0.00118726
-2.2 0.00128554
-2.1 0.00139005
-2 0.00150099
-1.9 0.00161858
-1.8 0.00174302
-1.7 0.0018745
-1.6 0.00201321
-1.5 0.00215932
-1.4 0.00231298
-1.3 0.00247433
-1.2 0.0026435
-1.1 0.00282058
-1 0.00300567
-0.9 0.00319882
-0.8 0.00340009
-0.7 0.00360948
-0.6 0.00382701
-0.5 0.00405263
-0.4 0.00428629
-0.3 0.00452791
-0.2 0.00477739
-0.1 0.00503459
-8.13238e-15 0.00529934
0.1 0.00557145
0.2 0.00585071
0.3 0.00613687
0.4 0.00642965
0.5 0.00672876
0.6 0.00703387
0.7 0.00734463
0.8 0.00766065
0.9 0.00798154
1 0.00830688
1.1 0.00863621
1.2 0.00896909
1.3 0.00930502
1.4 0.0096435
1.5 0.00998403
1.6 0.0103261
1.7 0.0106691
1.8 0.0110126
1.9 0.0113559
2 0.0116986
2.1 0.01204
2.2 0.0123797
2.3 0.012717
2.4 0.0130514
2.5 0.0133823
2.6 0.0137093
2.7 0.0140318
2.8 0.0143492
2.9 0.0146611
3 0.0149671
3.1 0.0152665
3.2 0.0155591
3.3 0.0158443
3.4 0.0161219
3.5 0.0163913
3.6 0.0166524
3.7 0.0169047
3.8 0.0171481
3.9 0.0173821
4 0.0176067
4.1 0.0178216
4.2 0.0180268
4.3 0.0182219
4.4 0.0184071
4.5 0.0185821
4.6 0.0187471
4.7 0.0189019
4.8 0.0190467
4.9 0.0191815
5 0.0193064
5.1 0.0194216
5.2 0.0195271
5.3 0.0196233
5.4 0.0197102
5.5 0.0197881
5.6 0.0198574
5.7 0.0199181
5.8 0.0199707
5.9 0.0200155
6 0.0200527
6.1 0.0200828
6.2 0.020106
6.3 0.0201227
6.4 0.0201334
6.5 0.0201383
6.6 0.0201378
6.7 0.0201324
6.8 0.0201223
6.9 0.0201081
7 0.0200899
7.1 0.0200684
7.2 0.0200437
7.3 0.0200163
7.4 0.0199865
7.5 0.0199546
7.6 0.0199212
7.7 0.0198863
7.8 0.0198505
7.9 0.0198139
8 0.019777
8.1 0.01974
8.2 0.0197032
8.3 0.0196668
8.4 0.0196313
8.5 0.0195967
8.6 0.0195634
8.7 0.0195317
8.8 0.0195017
8.9 0.0194736
9 0.0194478
9.1 0.0194244
9.2 0.0194036
9.3 0.0193856
9.4 0.0193706
9.5 0.0193588
9.6 0.0193503
9.7 0.0193454
9.8 0.0193441
9.9 0.0193467
10 0.0193533
10.1 0.019364
10.2 0.019379
10.3 0.0193983
10.4 0.0194221
10.5 0.0194505
10.6 0.0194836
10.7 0.0195215
10.8 0.0195642
10.9 0.0196118
11 0.0196645
11.1 0.0197221
11.2 0.0197847
11.3 0.0198524
11.4 0.0199252
11.5 0.020003
11.6 0.0200859
11.7 0.0201737
11.8 0.0202665
11.9 0.0203641
12 0.0204665
12.1 0.0205736
12.2 0.0206853
12.3 0.0208014
12.4 0.0209218
12.5 0.0210463
12.6 0.0211748
12.7 0.0213071
12.8 0.021443
12.9 0.0215822
13 0.0217246
13.1 0.0218698
13.2 0.0220177
13.3 0.0221681
13.4 0.0223205
13.5 0.0224747
13.6 0.0226305
13.7 0.0227876
13.8 0.0229456
13.9 0.0231042
14 0.0232632
14.1 0.0234221
14.2 0.0235807
14.3 0.0237387
14.4 0.0238957
14.5 0.0240514
14.6 0.0242055
14.7 0.0243575
14.8 0.0245074
14.9 0.0246545
15 0.0247988
15.1 0.0249398
15.2 0.0250773
15.3 0.0252108
15.4 0.0253402
15.5 0.0254652
15.6 0.0255854
15.7 0.0257005
15.8 0.0258104
15.9 0.0259147
16 0.0260131
16.1 0.0261055
16.2 0.0261916
16.3 0.0262712
16.4 0.0263441
16.5 0.02641
16.6 0.0264688
16.7 0.0265204
16.8 0.0265645
16.9 0.026601
17 0.0266299
17.1 0.0266509
17.2 0.026664
17.3 0.0266691
17.4 0.0266661
17.5 0.0266551
17.6 0.0266358
17.7 0.0266085
17.8 0.0265729
17.9 0.0265292
18 0.0264775
18.1 0.0264176
18.2 0.0263498
18.3 0.0262741
18.4 0.0261906
18.5 0.0260994
18.6 0.0260007
18.7 0.0258945
18.8 0.0257812
18.9 0.0256608
19 0.0255336
19.1 0.0253997
19.2 0.0252593
19.3 0.0251128
19.4 0.0249603
19.5 0.0248021
19.6 0.0246385
19.7 0.0244696
19.8 0.0242958
19.9 0.0241174
20 0.0239347
20.1 0.0237478
20.2 0.0235572
20.3 0.0233631
20.4 0.0231658
20.5 0.0229656
20.6 0.0227628
20.7 0.0225577
20.8 0.0223506
20.9 0.0221417
21 0.0219314
21.1 0.0217199
21.2 0.0215076
21.3 0.0212946
21.4 0.0210813
21.5 0.0208678
21.6 0.0206546
21.7 0.0204418
21.8 0.0202297
21.9 0.0200184
22 0.0198083
22.1 0.0195996
22.2 0.0193925
22.3 0.0191871
22.4 0.0189837
22.5 0.0187825
22.6 0.0185837
22.7 0.0183874
22.8 0.0181938
22.9 0.0180032
23 0.0178155
23.1 0.017631
23.2 0.0174498
23.3 0.0172721
23.4 0.0170979
23.5 0.0169274
23.6 0.0167606
23.7 0.0165976
23.8 0.0164386
23.9 0.0162836
24 0.0161327
24.1 0.0159858
24.2 0.0158431
24.3 0.0157046
24.4 0.0155702
24.5 0.01544
24.6 0.0153141
24.7 0.0151923
24.8 0.0150747
24.9 0.0149612
25 0.0148518
25.1 0.0147464
25.2 0.014645
25.3 0.0145475
25.4 0.0144539
25.5 0.014364
25.6 0.0142777
25.7 0.014195
25.8 0.0141158
25.9 0.0140399
26 0.0139673
26.1 0.0138978
26.2 0.0138312
26.3 0.0137676
26.4 0.0137067
26.5 0.0136485
26.6 0.0135928
26.7 0.0135395
26.8 0.0134885
26.9 0.0134397
27 0.013393
27.1 0.0133482
27.2 0.0133053
27.3 0.0132642
27.4 0.0132249
27.5 0.0131872
27.6 0.013151
27.7 0.0131164
27.8 0.0130833
27.9 0.0130516
28 0.0130214
28.1 0.0129926
28.2 0.0129652
28.3 0.0129393
28.4 0.0129149
28.5 0.0128919
28.6 0.0128705
28.7 0.0128507
28.8 0.0128326
28.9 0.0128162
29 0.0128017
29.1 0.0127891
29.2 0.0127786
29.3 0.0127702
29.4 0.012764
29.5 0.0127603
29.6 0.0127591
29.7 0.0127605
29.8 0.0127647
29.9 0.0127719
30 0.0127821
30.1 0.0127956
30.2 0.0128124
30.3 0.0128328
30.4 0.0128568
30.5 0.0128846
30.6 0.0129163
30.7 0.0129521
30.8 0.0129921
30.9 0.0130365
31 0.0130852
31.1 0.0131386
31.2 0.0131966
31.3 0.0132593
31.4 0.0133269
31.5 0.0133994
31.6 0.013477
31.7 0.0135596
31.8 0.0136473
31.9 0.0137401
32 0.0138382
32.1 0.0139414
32.2 0.0140498
32.3 0.0141635
32.4 0.0142823
32.5 0.0144063
32.6 0.0145354
32.7 0.0146696
32.8 0.0148087
32.9 0.0149528
33 0.0151016
33.1 0.0152552
33.2 0.0154134
33.3 0.015576
33.4 0.0157429
33.5 0.015914
33.6 0.0160891
33.7 0.016268
33.8 0.0164506
33.9 0.0166365
34 0.0168257
34.1 0.0170178
34.2 0.0172127
34.3 0.0174102
34.4 0.0176099
34.5 0.0178117
34.6 0.0180152
34.7 0.0182203
34.8 0.0184267
34.9 0.018634
35 0.0188421
35.1 0.0190507
35.2 0.0192594
35.3 0.0194681
35.4 0.0196765
35.5 0.0198843
35.6 0.0200913
35.7 0.0202972
35.8 0.0205018
35.9 0.0207049
36 0.0209062
36.1 0.0211056
36.2 0.0213028
36.3 0.0214977
36.4 0.0216902
36.5 0.0218799
36.6 0.0220669
36.7 0.022251
36.8 0.0224321
36.9 0.02261
37 0.0227848
37.1 0.0229564
37.2 0.0231246
37.3 0.0232896
37.4 0.0234513
37.5 0.0236097
37.6 0.0237648
37.7 0.0239167
37.8 0.0240654
37.9 0.024211
38 0.0243536
38.1 0.0244933
38.2 0.0246302
38.3 0.0247643
38.4 0.0248959
38.5 0.0250251
38.6 0.025152
38.7 0.0252767
38.8 0.0253993
38.9 0.0255201
39 0.0256392
39.1 0.0257567
39.2 0.0258727
39.3 0.0259874
39.4 0.026101
39.5 0.0262134
39.6 0.0263248
39.7 0.0264354
39.8 0.0265451
39.9 0.0266541
40 0.0267623
40.1 0.0268699
40.2 0.0269767
40.3 0.0270828
40.4 0.0271881
40.5 0.0272926
40.6 0.0273962
40.7 0.0274987
40.8 0.0276001
40.9 0.0277
41 0.0277985
41.1 0.0278951
41.2 0.0279898
41.3 0.0280821
41.4 0.0281719
41.5 0.0282587
41.6 0.0283423
41.7 0.0284223
41.8 0.0284983
41.9 0.0285699
42 0.0286367
42.1 0.0286983
42.2 0.0287541
42.3 0.0288038
42.4 0.0288469
42.5 0.0288829
42.6 0.0289113
42.7 0.0289317
42.8 0.0289436
42.9 0.0289465
43 0.02894
43.1 0.0289236
43.2 0.0288968
43.3 0.0288593
43.4 0.0288106
43.5 0.0287504
43.6 0.0286783
43.7 0.028594
43.8 0.0284971
43.9 0.0283874
44 0.0282647
44.1 0.0281287
44.2 0.0279793
44.3 0.0278162
44.4 0.0276395
44.5 0.0274491
44.6 0.027245
44.7 0.0270271
44.8 0.0267956
44.9 0.0265505
45 0.0262921
45.1 0.0260204
45.2 0.0257358
45.3 0.0254385
45.4 0.0251288
45.5 0.0248071
45.6 0.0244738
45.7 0.0241292
45.8 0.0237739
45.9 0.0234084
46 0.0230331
46.1 0.0226486
46.2 0.0222554
46.3 0.0218543
46.4 0.0214457
46.5 0.0210303
46.6 0.0206088
46.7 0.0201818
46.8 0.01975
46.9 0.0193141
47 0.0188747
47.1 0.0184324
47.2 0.0179881
47.3 0.0175424
47.4 0.0170958
47.5 0.0166491
47.6 0.016203
47.7 0.015758
47.8 0.0153147
47.9 0.0148738
48 0.0144359
48.1 0.0140014
48.2 0.0135709
48.3 0.0131449
48.4 0.012724
48.5 0.0123085
48.6 0.0118988
48.7 0.0114954
48.8 0.0110987
48.9 0.0107089
49 0.0103265
49.1 0.00995155
49.2 0.00958446
49.3 0.0092254
49.4 0.00887458
49.5 0.00853215
49.6 0.00819826
49.7 0.00787301
49.8 0.0075565
49.9 0.00724878
50 0.00694988
50.1 0.00665983
50.2 0.00637862
50.3 0.00610621
50.4 0.00584256
50.5 0.0055876
50.6 0.00534125
50.7 0.0051034
50.8 0.00487396
50.9 0.00465278
51 0.00443974
51.1 0.00423468
51.2 0.00403745
51.3 0.00384787
51.4 0.00366578
51.5 0.00349099
51.6 0.00332332
51.7 0.00316259
51.8 0.00300858
51.9 0.00286112
52 0.00272001
52.1 0.00258504
52.2 0.00245603
52.3 0.00233276
52.4 0.00221506
52.5 0.00210272
52.6 0.00199555
52.7 0.00189337
52.8 0.00179598
52.9 0.00170321
53 0.00161487
53.1 0.0015308
53.2 0.00145081
53.3 0.00137475
53.4 0.00130244
53.5 0.00123375
53.6 0.0011685
53.7 0.00110655
53.8 0.00104777
53.9 0.000992002
54 0.000939122
54.1 0.000888998
54.2 0.000841507
54.3 0.000796526
54.4 0.000753941
54.5 0.00071364
54.6 0.000675516
54.7 0.000639465
54.8 0.000605388
54.9 0.000573191
55 0.000542783
55.1 0.000514074
55.2 0.000486982
55.3 0.000461425
55.4 0.000437327
55.5 0.000414613
55.6 0.000393213
55.7 0.000373058
55.8 0.000354084
55.9 0.000336228
56 0.00031943
56.1 0.000303633
56.2 0.000288781
56.3 0.000274825
56.4 0.000261713
56.5 0.000249398
56.6 0.000237833
56.7 0.000226976
56.8 0.000216784
56.9 0.000207219
57 0.000198242
57.1 0.000189817
57.2 0.000181911
57.3 0.000174492
57.4 0.000167527
57.5 0.000160989
57.6 0.00015485
57.7 0.000149082
57.8 0.000143664
57.9 0.000138569
58 0.000133778
58.1 0.00012927
58.2 0.000125026
58.3 0.000121029
58.4 0.000117261
58.5 0.000113708
58.6 0.000110355
58.7 0.00010719
58.8 0.000104201
58.9 0.000101376
59 9.87076e-05
59.1 9.61853e-05
59.2 9.38014e-05
59.3 9.15488e-05
59.4 8.9421e-05
59.5 8.74125e-05
59.6 8.55184e-05
59.7 8.37348e-05
59.8 8.20572e-05
59.9 8.04828e-05
60 7.9009e-05
60.1 7.76332e-05
60.2 7.63533e-05
60.3 7.51679e-05
60.4 7.40747e-05
60.5 7.30733e-05
60.6 7.21621e-05
60.7 7.134e-05
60.8 7.0606e-05
60.9 6.99593e-05
61 6.93982e-05
61.1 6.89215e-05
61.2 6.85277e-05
61.3 6.82155e-05
61.4 6.79831e-05
61.5 6.78284e-05
61.6 6.7749e-05
61.7 6.77425e-05
61.8 6.78061e-05
61.9 6.7937e-05
62 6.81314e-05
62.1 6.8386e-05
62.2 6.86967e-05
62.3 6.9059e-05
62.4 6.94687e-05
62.5 6.9921e-05
62.6 7.04108e-05
62.7 7.09332e-05
62.8 7.14825e-05
62.9 7.20534e-05
63 7.26402e-05
63.1 7.32369e-05
63.2 7.38379e-05
63.3 7.44374e-05
63.4 7.50295e-05
63.5 7.56082e-05
63.6 7.61682e-05
63.7 7.67039e-05
63.8 7.72096e-05
63.9 7.76804e-05
64 7.81111e-05
64.1 7.84973e-05
64.2 7.88345e-05
64.3 7.91185e-05
64.4 7.93456e-05
64.5 7.95123e-05
64.6 7.96158e-05
64.7 7.96533e-05
64.8 7.96226e-05
64.9 7.9522e-05
65 7.93499e-05
65.1 7.91054e-05
65.2 7.87878e-05
65.3 7.83971e-05
65.4 7.79334e-05
65.5 7.73972e-05
65.6 7.67894e-05
65.7 7.61113e-05
65.8 7.53645e-05
65.9 7.45507e-05
66 7.36722e-05
66.1 7.27314e-05
66.2 7.17307e-05
66.3 7.06731e-05
66.4 6.95614e-05
66.5 6.83989e-05
66.6 6.71886e-05
66.7 6.59341e-05
66.8 6.46386e-05
66.9 6.33057e-05
67 6.19389e-05
67.1 6.05415e-05
67.2 5.91171e-05
67.3 5.76691e-05
67.4 5.62011e-05
67.5 5.47163e-05
67.6 5.3218e-05
67.7 5.17094e-05
67.8 5.01937e-05
67.9 4.86739e-05
68 4.7153e-05
68.1 4.56338e-05
68.2 4.4119e-05
68.3 4.26113e-05
68.4 4.1113e-05
68.5 3.96266e-05
68.6 3.81544e-05
68.7 3.66985e-05
68.8 3.52609e-05
68.9 3.38436e-05
69 3.24483e-05
69.1 3.10767e-05
69.2 2.97303e-05
69.3 2.84108e-05
69.4 2.71192e-05
69.5 2.5857e-05
69.6 2.46251e-05
69.7 2.34247e-05
69.8 2.22565e-05
69.9 2.11214e-05
70 2.00201e-05
70.1 1.89532e-05
70.2 1.7921e-05
70.3 1.69241e-05
70.4 1.59627e-05
70.5 1.50369e-05
70.6 1.41468e-05
70.7 1.32925e-05
70.8 1.24738e-05
70.9 1.16906e-05
71 1.09427e-05
71.1 1.02297e-05
71.2 9.55122e-06
71.3 8.90684e-06
71.4 8.296e-06
71.5 7.71824e-06
71.6 7.17291e-06
71.7 6.65936e-06
71.8 6.17693e-06
71.9 5.72492e-06
72 5.30263e-06
72.1 4.90932e-06
72.2 4.54428e-06
72.3 4.20679e-06
72.4 3.89614e-06
72.5 3.61163e-06
72.6 3.3526e-06
72.7 3.1184e-06
72.8 2.90845e-06
72.9 2.72217e-06
73 2.55906e-06
73.1 2.41864e-06
73.2 2.30052e-06
73.3 2.20428e-06
73.4 2.12974e-06
73.5 2.07662e-06
73.6 2.04474e-06
73.7 2.034e-06
73.8 2.04436e-06
73.9 2.07583e-06
74 2.12849e-06
74.1 2.20247e-06
74.2 2.29796e-06
74.3 2.41518e-06
74.4 2.5544e-06
74.5 2.71593e-06
74.6 2.9001e-06
74.7 3.10726e-06
74.8 3.33777e-06
74.9 3.592e-06
75 3.87028e-06
75.1 4.17296e-06
75.2 4.50032e-06
75.3 4.85263e-06
75.4 5.23009e-06
75.5 5.63282e-06
75.6 6.06088e-06
75.7 6.51423e-06
75.8 6.99273e-06
75.9 7.49614e-06
76 8.02406e-06
76.1 8.57593e-06
76.2 9.15117e-06
76.3 9.74895e-06
76.4 1.03684e-05
76.5 1.10082e-05
76.6 1.16671e-05
76.7 1.23438e-05
76.8 1.30364e-05
76.9 1.37432e-05
77 1.44623e-05
77.1 1.51914e-05
77.2 1.59282e-05
77.3 1.66703e-05
77.4 1.74151e-05
77.5 1.81598e-05
77.6 1.89016e-05
77.7 1.96375e-05
77.8 2.03646e-05
77.9 2.10797e-05
78 2.17798e-05
78.1 2.24616e-05
78.2 2.3122e-05
78.3 2.3758e-05
78.4 2.43664e-05
78.5 2.49442e-05
78.6 2.54886e-05
78.7 2.59968e-05
78.8 2.64662e-05
78.9 2.68943e-05
79 2.72789e-05
79.1 2.76178e-05
79.2 2.79094e-05
79.3 2.81519e-05
79.4 2.83441e-05
79.5 2.84848e-05
79.6 2.85734e-05
79.7 2.86094e-05
79.8 2.85924e-05
79.9 2.85227e-05
80 2.84006e-05
80.1 2.82267e-05
80.2 2.80022e-05
80.3 2.77281e-05
80.4 2.74059e-05
80.5 2.70375e-05
80.6 2.66247e-05
80.7 2.61698e-05
80.8 2.56752e-05
80.9 2.51433e-05
81 2.4577e-05
81.1 2.39791e-05
81.2 2.33525e-05
81.3 2.27003e-05
81.4 2.20255e-05
81.5 2.13313e-05
81.6 2.06208e-05
81.7 1.98972e-05
81.8 1.91634e-05
81.9 1.84227e-05
82 1.76778e-05
82.1 1.69318e-05
82.2 1.61872e-05
82.3 1.54469e-05
82.4 1.47131e-05
82.5 1.39883e-05
82.6 1.32747e-05
82.7 1.25742e-05
82.8 1.18886e-05
82.9 1.12197e-05
83 1.05688e-05
83.1 9.93734e-06
83.2 9.32632e-06
83.3 8.7367e-06
83.4 8.16924e-06
83.5 7.62452e-06
83.6 7.10298e-06
83.7 6.60489e-06
83.8 6.13038e-06
83.9 5.67945e-06
84 5.25197e-06
84.1 4.84769e-06
84.2 4.46627e-06
84.3 4.10726e-06
84.4 3.77013e-06
84.5 3.45427e-06
84.6 3.15904e-06
84.7 2.88369e-06
84.8 2.62749e-06
84.9 2.38962e-06
85 2.16928e-06
85.1 1.96561e-06
85.2 1.77778e-06
85.3 1.60492e-06
85.4 1.4462e-06
85.5 1.30076e-06
85.6 1.16779e-06
85.7 1.04648e-06
85.8 9.36035e-07
85.9 8.357e-07
86 7.44742e-07
86.1 6.62458e-07
86.2 5.88177e-07
86.3 5.2126e-07
86.4 4.61103e-07
86.5 4.07134e-07
86.6 3.58819e-07
86.7 3.15653e-07
86.8 2.77167e-07
86.9 2.42923e-07
87 2.12517e-07
