-8 2.19464e-06
-7.9 2.55996e-06
-7.8 2.9816e-06
-7.7 3.46722e-06
-7.6 4.02566e-06
-7.5 4.66709e-06
-7.4 5.40261e-06
-7.3 6.24411e-06
-7.2 7.20606e-06
-7.1 8.30376e-06
-7 9.55467e-06
-6.9 1.09776e-05
-6.8 1.25936e-05
-6.7 1.4426e-05
-6.6 1.65009e-05
-6.5 1.88463e-05
-6.4 2.14942e-05
-6.3 2.44783e-05
-6.2 2.78365e-05
-6.1 3.16093e-05
-6 3.58425e-05
-5.9 4.05839e-05
-5.8 4.58872e-05
-5.7 5.18092e-05
-5.6 5.84124e-05
-5.5 6.57637e-05
-5.4 7.39358e-05
-5.3 8.30067e-05
-5.2 9.30602e-05
-5.1 0.000104185
-5 0.000116478
-4.9 0.000130041
-4.8 0.000144982
-4.7 0.000161418
-4.6 0.000179471
-4.5 0.00019927
-4.4 0.000220953
-4.3 0.000244664
-4.2 0.000270554
-4.1 0.000298782
-4 0.000329513
-3.9 0.000362922
-3.8 0.00039919
-3.7 0.000438503
-3.6 0.000481055
-3.5 0.000527046
-3.4 0.000576686
-3.3 0.000630184
-3.2 0.000687761
-3.1 0.000749637
-3 0.00081604
-2.9 0.0008872
-2.8 0.000963352
-2.7 0.00104473
-2.6 0.00113158
-2.5 0.00122413
-2.4 0.00132262
-2.3 0.00142729
-2.2 0.00153837
-2.1 0.0016561
-2 0.00178071
-1.9 0.00191241
-1.8 0.00205143
-1.7 0.00219797
-1.6 0.00235224
-1.5 0.00251443
-1.4 0.00268471
-1.3 0.00286326
-1.2 0.00305024
-1.1 0.00324578
-1 0.00345002
-0.9 0.00366306
-0.8 0.003885
-0.7 0.00411592
-0.6 0.00435588
-0.5 0.00460491
-0.4 0.00486304
-0.3 0.00513026
-0.2 0.00540655
-0.1 0.00569187
-1.16851e-14 0.00598615
0.1 0.00628929
0.2 0.00660119
0.3 0.00692172
0.4 0.00725071
0.5 0.00758798
0.6 0.00793334
0.7 0.00828656
0.8 0.00864739
0.9 0.00901557
1 0.0093908
1.1 0.00977279
1.2 0.0101612
1.3 0.0105557
1.4 0.0109559
1.5 0.0113614
1.6 0.0117719
1.7 0.0121869
1.8 0.0126061
1.9 0.0130289
2 0.0134549
2.1 0.0138838
2.2 0.0143149
2.3 0.014748
2.4 0.0151824
2.5 0.0156177
2.6 0.0160535
2.7 0.0164892
2.8 0.0169244
2.9 0.0173586
3 0.0177914
3.1 0.0182222
3.2 0.0186506
3.3 0.0190762
3.4 0.0194985
3.5 0.0199171
3.6 0.0203316
3.7 0.0207415
3.8 0.0211464
3.9 0.021546
4 0.0219399
4.1 0.0223277
4.2 0.0227091
4.3 0.0230838
4.4 0.0234515
4.5 0.0238118
4.6 0.0241646
4.7 0.0245095
4.8 0.0248463
4.9 0.0251748
5 0.0254948
5.1 0.0258062
5.2 0.0261087
5.3 0.0264023
5.4 0.0266867
5.5 0.0269619
5.6 0.0272279
5.7 0.0274844
5.8 0.0277315
5.9 0.0279692
6 0.0281973
6.1 0.028416
6.2 0.0286251
6.3 0.0288247
6.4 0.0290148
6.5 0.0291955
6.6 0.0293668
6.7 0.0295288
6.8 0.0296815
6.9 0.029825
7 0.0299595
7.1 0.0300849
7.2 0.0302015
7.3 0.0303092
7.4 0.0304084
7.5 0.0304989
7.6 0.0305811
7.7 0.030655
7.8 0.0307207
7.9 0.0307784
8 0.0308283
8.1 0.0308705
8.2 0.0309051
8.3 0.0309323
8.4 0.0309522
8.5 0.0309651
8.6 0.030971
8.7 0.0309702
8.8 0.0309628
8.9 0.030949
9 0.0309289
9.1 0.0309027
9.2 0.0308706
9.3 0.0308328
9.4 0.0307894
9.5 0.0307405
9.6 0.0306865
9.7 0.0306274
9.8 0.0305634
9.9 0.0304947
10 0.0304214
10.1 0.0303438
10.2 0.0302621
10.3 0.0301763
10.4 0.0300866
10.5 0.0299933
10.6 0.0298964
10.7 0.0297962
10.8 0.0296928
10.9 0.0295863
11 0.029477
11.1 0.0293649
11.2 0.0292503
11.3 0.0291332
11.4 0.0290139
11.5 0.0288924
11.6 0.0287688
11.7 0.0286434
11.8 0.0285162
11.9 0.0283873
12 0.028257
12.1 0.0281251
12.2 0.027992
12.3 0.0278576
12.4 0.0277221
12.5 0.0275855
12.6 0.0274479
12.7 0.0273095
12.8 0.0271702
12.9 0.0270302
13 0.0268895
13.1 0.0267481
13.2 0.0266061
13.3 0.0264635
13.4 0.0263205
13.5 0.0261769
13.6 0.0260329
13.7 0.0258885
13.8 0.0257436
13.9 0.0255983
14 0.0254527
14.1 0.0253066
14.2 0.0251602
14.3 0.0250133
14.4 0.0248661
14.5 0.0247185
14.6 0.0245705
14.7 0.0244221
14.8 0.0242732
14.9 0.0241239
15 0.0239741
15.1 0.0238238
15.2 0.023673
15.3 0.0235217
15.4 0.0233698
15.5 0.0232173
15.6 0.0230643
15.7 0.0229106
15.8 0.0227562
15.9 0.0226012
16 0.0224455
16.1 0.022289
16.2 0.0221319
16.3 0.021974
16.4 0.0218153
16.5 0.0216559
16.6 0.0214957
16.7 0.0213347
16.8 0.0211729
16.9 0.0210103
17 0.020847
17.1 0.0206829
17.2 0.020518
17.3 0.0203524
17.4 0.0201861
17.5 0.0200192
17.6 0.0198515
17.7 0.0196833
17.8 0.0195145
17.9 0.0193451
18 0.0191753
18.1 0.0190051
18.2 0.0188345
18.3 0.0186636
18.4 0.0184925
18.5 0.0183213
18.6 0.01815
18.7 0.0179787
18.8 0.0178075
18.9 0.0176365
19 0.0174658
19.1 0.0172954
19.2 0.0171255
19.3 0.0169562
19.4 0.0167875
19.5 0.0166196
19.6 0.0164526
19.7 0.0162865
19.8 0.0161216
19.9 0.0159578
20 0.0157953
20.1 0.0156341
20.2 0.0154745
20.3 0.0153164
20.4 0.01516
20.5 0.0150054
20.6 0.0148527
20.7 0.0147019
20.8 0.0145532
20.9 0.0144066
21 0.0142622
21.1 0.0141202
21.2 0.0139805
21.3 0.0138433
21.4 0.0137086
21.5 0.0135765
21.6 0.0134471
21.7 0.0133204
21.8 0.0131965
21.9 0.0130754
22 0.0129572
22.1 0.012842
22.2 0.0127298
22.3 0.0126205
22.4 0.0125144
22.5 0.0124114
22.6 0.0123114
22.7 0.0122147
22.8 0.0121211
22.9 0.0120308
23 0.0119437
23.1 0.0118598
23.2 0.0117792
23.3 0.0117018
23.4 0.0116277
23.5 0.0115569
23.6 0.0114893
23.7 0.0114249
23.8 0.0113639
23.9 0.011306
24 0.0112513
24.1 0.0111998
24.2 0.0111514
24.3 0.0111062
24.4 0.011064
24.5 0.0110249
24.6 0.0109887
24.7 0.0109555
24.8 0.0109252
24.9 0.0108977
25 0.0108729
25.1 0.0108509
25.2 0.0108315
25.3 0.0108146
25.4 0.0108003
25.5 0.0107883
25.6 0.0107787
25.7 0.0107713
25.8 0.010766
25.9 0.0107629
26 0.0107617
26.1 0.0107624
26.2 0.010765
26.3 0.0107692
26.4 0.0107751
26.5 0.0107826
26.6 0.0107915
26.7 0.0108019
26.8 0.0108135
26.9 0.0108264
27 0.0108404
27.1 0.0108556
27.2 0.0108717
27.3 0.0108889
27.4 0.0109069
27.5 0.0109258
27.6 0.0109455
27.7 0.010966
27.8 0.0109872
27.9 0.0110091
28 0.0110317
28.1 0.011055
28.2 0.0110789
28.3 0.0111034
28.4 0.0111286
28.5 0.0111544
28.6 0.0111808
28.7 0.0112079
28.8 0.0112356
28.9 0.011264
29 0.0112931
29.1 0.0113229
29.2 0.0113535
29.3 0.0113849
29.4 0.0114171
29.5 0.0114501
29.6 0.011484
29.7 0.0115189
29.8 0.0115547
29.9 0.0115915
30 0.0116293
30.1 0.0116682
30.2 0.0117081
30.3 0.0117492
30.4 0.0117915
30.5 0.0118349
30.6 0.0118796
30.7 0.0119254
30.8 0.0119725
30.9 0.0120208
31 0.0120704
31.1 0.0121213
31.2 0.0121733
31.3 0.0122267
31.4 0.0122813
31.5 0.0123371
31.6 0.012394
31.7 0.0124522
31.8 0.0125115
31.9 0.012572
32 0.0126335
32.1 0.012696
32.2 0.0127595
32.3 0.0128239
32.4 0.0128892
32.5 0.0129553
32.6 0.0130222
32.7 0.0130898
32.8 0.0131579
32.9 0.0132266
33 0.0132958
33.1 0.0133654
33.2 0.0134352
33.3 0.0135053
33.4 0.0135756
33.5 0.0136459
33.6 0.0137162
33.7 0.0137864
33.8 0.0138564
33.9 0.0139261
34 0.0139955
34.1 0.0140644
34.2 0.0141328
34.3 0.0142005
34.4 0.0142676
34.5 0.0143339
34.6 0.0143993
34.7 0.0144638
34.8 0.0145273
34.9 0.0145897
35 0.014651
35.1 0.014711
35.2 0.0147697
35.3 0.0148271
35.4 0.0148831
35.5 0.0149377
35.6 0.0149907
35.7 0.0150421
35.8 0.015092
35.9 0.0151402
36 0.0151867
36.1 0.0152315
36.2 0.0152746
36.3 0.0153159
36.4 0.0153555
36.5 0.0153933
36.6 0.0154292
36.7 0.0154634
36.8 0.0154958
36.9 0.0155265
37 0.0155554
37.1 0.0155825
37.2 0.0156079
37.3 0.0156317
37.4 0.0156538
37.5 0.0156743
37.6 0.0156933
37.7 0.0157108
37.8 0.0157268
37.9 0.0157415
38 0.0157548
38.1 0.015767
38.2 0.0157779
38.3 0.0157878
38.4 0.0157967
38.5 0.0158047
38.6 0.0158118
38.7 0.0158182
38.8 0.015824
38.9 0.0158292
39 0.0158339
39.1 0.0158382
39.2 0.0158422
39.3 0.015846
39.4 0.0158497
39.5 0.0158533
39.6 0.0158569
39.7 0.0158606
39.8 0.0158645
39.9 0.0158685
40 0.0158728
40.1 0.0158774
40.2 0.0158824
40.3 0.0158877
40.4 0.0158933
40.5 0.0158994
40.6 0.0159058
40.7 0.0159127
40.8 0.0159198
40.9 0.0159274
41 0.0159351
41.1 0.0159432
41.2 0.0159513
41.3 0.0159596
41.4 0.0159679
41.5 0.0159761
41.6 0.0159841
41.7 0.0159919
41.8 0.0159992
41.9 0.016006
42 0.0160121
42.1 0.0160174
42.2 0.0160217
42.3 0.0160249
42.4 0.0160269
42.5 0.0160274
42.6 0.0160263
42.7 0.0160235
42.8 0.0160188
42.9 0.0160119
43 0.0160029
43.1 0.0159914
43.2 0.0159774
43.3 0.0159607
43.4 0.0159412
43.5 0.0159187
43.6 0.0158932
43.7 0.0158644
43.8 0.0158323
43.9 0.0157968
44 0.0157578
44.1 0.0157152
44.2 0.0156691
44.3 0.0156193
44.4 0.0155658
44.5 0.0155085
44.6 0.0154476
44.7 0.015383
44.8 0.0153148
44.9 0.0152429
45 0.0151675
45.1 0.0150886
45.2 0.0150064
45.3 0.0149208
45.4 0.0148322
45.5 0.0147405
45.6 0.0146459
45.7 0.0145487
45.8 0.0144489
45.9 0.0143468
46 0.0142425
46.1 0.0141364
46.2 0.0140284
46.3 0.013919
46.4 0.0138083
46.5 0.0136966
46.6 0.0135841
46.7 0.013471
46.8 0.0133577
46.9 0.0132443
47 0.0131311
47.1 0.0130183
47.2 0.0129062
47.3 0.0127951
47.4 0.0126851
47.5 0.0125766
47.6 0.0124697
47.7 0.0123646
47.8 0.0122616
47.9 0.012161
48 0.0120627
48.1 0.0119672
48.2 0.0118745
48.3 0.0117848
48.4 0.0116982
48.5 0.011615
48.6 0.0115351
48.7 0.0114588
48.8 0.0113861
48.9 0.0113171
49 0.0112519
49.1 0.0111904
49.2 0.0111329
49.3 0.0110793
49.4 0.0110295
49.5 0.0109837
49.6 0.0109417
49.7 0.0109035
49.8 0.0108692
49.9 0.0108386
50 0.0108116
50.1 0.0107882
50.2 0.0107684
50.3 0.0107518
50.4 0.0107386
50.5 0.0107285
50.6 0.0107213
50.7 0.0107171
50.8 0.0107155
50.9 0.0107164
51 0.0107198
51.1 0.0107253
51.2 0.0107328
51.3 0.0107422
51.4 0.0107533
51.5 0.0107659
51.6 0.0107797
51.7 0.0107947
51.8 0.0108106
51.9 0.0108272
52 0.0108444
52.1 0.010862
52.2 0.0108797
52.3 0.0108975
52.4 0.0109152
52.5 0.0109325
52.6 0.0109493
52.7 0.0109655
52.8 0.0109809
52.9 0.0109953
53 0.0110087
53.1 0.0110208
53.2 0.0110316
53.3 0.0110409
53.4 0.0110486
53.5 0.0110546
53.6 0.0110589
53.7 0.0110612
53.8 0.0110615
53.9 0.0110597
54 0.0110558
54.1 0.0110496
54.2 0.0110412
54.3 0.0110304
54.4 0.0110171
54.5 0.0110014
54.6 0.0109832
54.7 0.0109625
54.8 0.0109391
54.9 0.0109131
55 0.0108845
55.1 0.0108532
55.2 0.0108193
55.3 0.0107826
55.4 0.0107432
55.5 0.0107011
55.6 0.0106562
55.7 0.0106086
55.8 0.0105583
55.9 0.0105052
56 0.0104494
56.1 0.0103909
56.2 0.0103297
56.3 0.0102658
56.4 0.0101992
56.5 0.01013
56.6 0.0100582
56.7 0.00998374
56.8 0.00990673
56.9 0.00982718
57 0.00974514
57.1 0.00966064
57.2 0.00957372
57.3 0.00948443
57.4 0.00939281
57.5 0.00929893
57.6 0.00920284
57.7 0.0091046
57.8 0.00900426
57.9 0.00890191
58 0.0087976
58.1 0.00869142
58.2 0.00858343
58.3 0.00847373
58.4 0.00836239
58.5 0.00824949
58.6 0.00813513
58.7 0.00801941
58.8 0.0079024
58.9 0.00778422
59 0.00766495
59.1 0.0075447
59.2 0.00742357
59.3 0.00730166
59.4 0.00717907
59.5 0.00705591
59.6 0.00693229
59.7 0.0068083
59.8 0.00668405
59.9 0.00655965
60 0.0064352
60.1 0.00631079
60.2 0.00618654
60.3 0.00606253
60.4 0.00593887
60.5 0.00581565
60.6 0.00569296
60.7 0.00557089
60.8 0.00544953
60.9 0.00532896
61 0.00520927
61.1 0.00509052
61.2 0.0049728
61.3 0.00485617
61.4 0.00474071
61.5 0.00462647
61.6 0.00451352
61.7 0.00440191
61.8 0.00429169
61.9 0.00418292
62 0.00407563
62.1 0.00396988
62.2 0.00386569
62.3 0.0037631
62.4 0.00366215
62.5 0.00356285
62.6 0.00346524
62.7 0.00336934
62.8 0.00327516
62.9 0.00318271
63 0.00309202
63.1 0.00300308
63.2 0.00291591
63.3 0.00283051
63.4 0.00274688
63.5 0.00266502
63.6 0.00258492
63.7 0.00250659
63.8 0.00243
63.9 0.00235516
64 0.00228205
64.1 0.00221066
64.2 0.00214097
64.3 0.00207297
64.4 0.00200664
64.5 0.00194195
64.6 0.0018789
64.7 0.00181746
64.8 0.0017576
64.9 0.0016993
65 0.00164255
65.1 0.0015873
65.2 0.00153355
65.3 0.00148125
65.4 0.00143039
65.5 0.00138093
65.6 0.00133286
65.7 0.00128613
65.8 0.00124073
65.9 0.00119662
66 0.00115378
66.1 0.00111218
66.2 0.00107179
66.3 0.00103258
66.4 0.000994519
66.5 0.000957588
66.6 0.000921756
66.7 0.000886996
66.8 0.000853281
66.9 0.000820585
67 0.000788884
67.1 0.000758151
67.2 0.000728362
67.3 0.000699493
67.4 0.000671521
67.5 0.000644423
67.6 0.000618176
67.7 0.000592759
67.8 0.000568152
67.9 0.000544332
68 0.000521282
68.1 0.00049898
68.2 0.00047741
68.3 0.000456553
68.4 0.000436391
68.5 0.000416907
68.6 0.000398085
68.7 0.000379909
68.8 0.000362364
68.9 0.000345434
69 0.000329104
69.1 0.000313361
69.2 0.00029819
69.3 0.000283578
69.4 0.000269511
69.5 0.000255977
69.6 0.000242963
69.7 0.000230456
69.8 0.000218444
69.9 0.000206915
70 0.000195857
70.1 0.000185257
70.2 0.000175105
70.3 0.000165388
70.4 0.000156096
70.5 0.000147217
70.6 0.00013874
70.7 0.000130653
70.8 0.000122946
70.9 0.000115607
71 0.000108626
71.1 0.000101991
71.2 9.56929e-05
71.3 8.97193e-05
71.4 8.40603e-05
71.5 7.87054e-05
71.6 7.36438e-05
71.7 6.88653e-05
71.8 6.43598e-05
71.9 6.01173e-05
72 5.61272e-05
72.1 5.23802e-05
72.2 4.88662e-05
72.3 4.55757e-05
72.4 4.24993e-05
72.5 3.96277e-05
72.6 3.69518e-05
72.7 3.44629e-05
72.8 3.2152e-05
72.9 3.00105e-05
73 2.80304e-05
73.1 2.62034e-05
73.2 2.45216e-05
73.3 2.29776e-05
73.4 2.15639e-05
73.5 2.02732e-05
73.6 1.90984e-05
73.7 1.80332e-05
73.8 1.70708e-05
73.9 1.6205e-05
74 1.54299e-05
74.1 1.47396e-05
74.2 1.41288e-05
74.3 1.35921e-05
74.4 1.31244e-05
74.5 1.27209e-05
74.6 1.2377e-05
74.7 1.20883e-05
74.8 1.18508e-05
74.9 1.16603e-05
75 1.15134e-05
75.1 1.14065e-05
75.2 1.13361e-05
75.3 1.1299e-05
75.4 1.12923e-05
75.5 1.13133e-05
75.6 1.13592e-05
75.7 1.14277e-05
75.8 1.15162e-05
75.9 1.16227e-05
76 1.17451e-05
76.1 1.18813e-05
76.2 1.20296e-05
76.3 1.21883e-05
76.4 1.23556e-05
76.5 1.253e-05
76.6 1.27101e-05
76.7 1.28944e-05
76.8 1.30816e-05
76.9 1.32704e-05
77 1.34597e-05
77.1 1.36481e-05
77.2 1.38345e-05
77.3 1.40179e-05
77.4 1.41974e-05
77.5 1.43717e-05
77.6 1.45399e-05
77.7 1.47011e-05
77.8 1.48543e-05
77.9 1.49986e-05
78 1.51331e-05
78.1 1.52571e-05
78.2 1.53697e-05
78.3 1.54701e-05
78.4 1.55576e-05
78.5 1.56316e-05
78.6 1.56913e-05
78.7 1.57361e-05
78.8 1.57656e-05
78.9 1.57791e-05
79 1.57763e-05
79.1 1.57567e-05
79.2 1.57202e-05
79.3 1.56663e-05
79.4 1.55949e-05
79.5 1.55059e-05
79.6 1.53994e-05
79.7 1.52753e-05
79.8 1.51338e-05
79.9 1.49751e-05
80 1.47995e-05
80.1 1.46072e-05
80.2 1.43989e-05
80.3 1.4175e-05
80.4 1.3936e-05
80.5 1.36828e-05
80.6 1.34159e-05
80.7 1.31362e-05
80.8 1.28444e-05
80.9 1.25416e-05
81 1.22286e-05
81.1 1.19064e-05
81.2 1.1576e-05
81.3 1.12385e-05
81.4 1.08948e-05
81.5 1.05462e-05
81.6 1.01935e-05
81.7 9.83795e-06
81.8 9.48054e-06
81.9 9.12231e-06
82 8.76429e-06
82.1 8.40746e-06
82.2 8.05278e-06
82.3 7.70116e-06
82.4 7.35347e-06
82.5 7.01058e-06
82.6 6.67323e-06
82.7 6.34215e-06
82.8 6.01802e-06
82.9 5.70143e-06
83 5.39294e-06
83.1 5.09303e-06
83.2 4.80214e-06
83.3 4.52063e-06
83.4 4.2488e-06
83.5 3.9869e-06
83.6 3.73512e-06
83.7 3.4936e-06
83.8 3.26241e-06
83.9 3.04158e-06
84 2.8311e-06
84.1 2.63091e-06
84.2 2.44088e-06
84.3 2.26089e-06
84.4 2.09075e-06
84.5 1.93026e-06
84.6 1.77916e-06
84.7 1.63721e-06
84.8 1.5041e-06
84.9 1.37955e-06
85 1.26323e-06
85.1 1.15482e-06
85.2 1.05396e-06
85.3 9.60333e-07
85.4 8.73575e-07
85.5 7.93343e-07
85.6 7.19288e-07
85.7 6.51067e-07
85.8 5.88341e-07
85.9 5.30777e-07
86 4.78052e-07
86.1 4.2985e-07
86.2 3.85867e-07
86.3 3.4581e-07
86.4 3.09396e-07
86.5 2.76357e-07
86.6 2.46435e-07
86.7 2.19388e-07
86.8 1.94984e-07
86.9 1.73007e-07
87 1.53251e-07
87.1 1.35525e-07
87.2 1.1965e-07
87.3 1.05459e-07
87.4 9.27955e-08
87.5 8.15167e-08
87.6 7.14895e-08
87.7 6.25911e-08
87.8 5.4709e-08
87.9 4.77397e-08
88 4.15887e-08
