-8 3.01274e-06
-7.9 3.49602e-06
-7.8 4.0511e-06
-7.7 4.68768e-06
-7.6 5.4161e-06
-7.5 6.24754e-06
-7.4 7.19722e-06
-7.3 8.2798e-06
-7.2 9.51129e-06
-7.1 1.09095e-05
-7 1.24954e-05
-6.9 1.42914e-05
-6.8 1.63219e-05
-6.7 1.86141e-05
-6.6 2.1199e-05
-6.5 2.41094e-05
-6.4 2.73799e-05
-6.3 3.10512e-05
-6.2 3.5165e-05
-6.1 3.97679e-05
-6 4.49114e-05
-5.9 5.0649e-05
-5.8 5.70407e-05
-5.7 6.41509e-05
-5.6 7.2048e-05
-5.5 8.08058e-05
-5.4 9.05047e-05
-5.3 0.000101229
-5.2 0.000113071
-5.1 0.000126127
-5 0.0001405
-4.9 0.000156301
-4.8 0.000173645
-4.7 0.000192655
-4.6 0.000213462
-4.5 0.000236202
-4.4 0.000261018
-4.3 0.000288062
-4.2 0.000317488
-4.1 0.000349462
-4 0.000384154
-3.9 0.000421741
-3.8 0.000462406
-3.7 0.000506337
-3.6 0.00055373
-3.5 0.000604784
-3.4 0.000659703
-3.3 0.000718694
-3.2 0.000781971
-3.1 0.000849749
-3 0.000922245
-2.9 0.000999676
-2.8 0.00108226
-2.7 0.00117023
-2.6 0.00126378
-2.5 0.00136315
-2.4 0.00146853
-2.3 0.00158015
-2.2 0.0016982
-2.1 0.00182289
-2 0.00195439
-1.9 0.0020929
-1.8 0.00223858
-1.7 0.00239158
-1.6 0.00255207
-1.5 0.00272017
-1.4 0.002896
-1.3 0.00307967
-1.2 0.00327125
-1.1 0.00347083
-1 0.00367843
-0.9 0.0038941
-0.8 0.00411784
-0.7 0.00434963
-0.6 0.00458944
-0.5 0.00483721
-0.4 0.00509285
-0.3 0.00535625
-0.2 0.00562728
-0.1 0.00590577
-1.16851e-14 0.00619155
0.1 0.0064844
0.2 0.00678408
0.3 0.00709035
0.4 0.00740291
0.5 0.00772145
0.6 0.00804565
0.7 0.00837515
0.8 0.00870957
0.9 0.00904851
1 0.00939157
1.1 0.00973829
1.2 0.0100882
1.3 0.0104409
1.4 0.0107959
1.5 0.0111526
1.6 0.0115107
1.7 0.0118694
1.8 0.0122284
1.9 0.0125871
2 0.012945
2.1 0.0133015
2.2 0.0136561
2.3 0.0140083
2.4 0.0143576
2.5 0.0147034
2.6 0.0150452
2.7 0.0153826
2.8 0.0157149
2.9 0.0160419
3 0.0163629
3.1 0.0166777
3.2 0.0169857
3.3 0.0172865
3.4 0.0175798
3.5 0.0178652
3.6 0.0181425
3.7 0.0184112
3.8 0.0186711
3.9 0.018922
4 0.0191637
4.1 0.0193959
4.2 0.0196185
4.3 0.0198314
4.4 0.0200345
4.5 0.0202276
4.6 0.0204109
4.7 0.0205841
4.8 0.0207474
4.9 0.0209009
5 0.0210445
5.1 0.0211784
5.2 0.0213027
5.3 0.0214175
5.4 0.0215231
5.5 0.0216197
5.6 0.0217074
5.7 0.0217864
5.8 0.0218572
5.9 0.0219198
6 0.0219747
6.1 0.0220221
6.2 0.0220623
6.3 0.0220957
6.4 0.0221227
6.5 0.0221434
6.6 0.0221584
6.7 0.022168
6.8 0.0221725
6.9 0.0221723
7 0.0221678
7.1 0.0221593
7.2 0.0221473
7.3 0.022132
7.4 0.0221138
7.5 0.0220932
7.6 0.0220704
7.7 0.0220458
7.8 0.0220198
7.9 0.0219926
8 0.0219647
8.1 0.0219363
8.2 0.0219078
8.3 0.0218794
8.4 0.0218515
8.5 0.0218244
8.6 0.0217983
8.7 0.0217735
8.8 0.0217503
8.9 0.021729
9 0.0217097
9.1 0.0216927
9.2 0.0216783
9.3 0.0216667
9.4 0.021658
9.5 0.0216525
9.6 0.0216504
9.7 0.0216519
9.8 0.0216571
9.9 0.0216661
10 0.0216792
10.1 0.0216965
10.2 0.0217182
10.3 0.0217442
10.4 0.0217748
10.5 0.0218101
10.6 0.0218501
10.7 0.0218949
10.8 0.0219446
10.9 0.0219993
11 0.0220589
11.1 0.0221236
11.2 0.0221932
11.3 0.0222679
11.4 0.0223476
11.5 0.0224322
11.6 0.0225218
11.7 0.0226163
11.8 0.0227156
11.9 0.0228197
12 0.0229284
12.1 0.0230415
12.2 0.0231591
12.3 0.023281
12.4 0.0234069
12.5 0.0235367
12.6 0.0236703
12.7 0.0238074
12.8 0.0239479
12.9 0.0240914
13 0.0242378
13.1 0.0243868
13.2 0.0245382
13.3 0.0246916
13.4 0.0248469
13.5 0.0250036
13.6 0.0251615
13.7 0.0253204
13.8 0.0254798
13.9 0.0256395
14 0.0257991
14.1 0.0259583
14.2 0.0261168
14.3 0.0262741
14.4 0.0264301
14.5 0.0265842
14.6 0.0267362
14.7 0.0268858
14.8 0.0270325
14.9 0.027176
15 0.027316
15.1 0.0274522
15.2 0.0275841
15.3 0.0277116
15.4 0.0278341
15.5 0.0279514
15.6 0.0280633
15.7 0.0281693
15.8 0.0282692
15.9 0.0283627
16 0.0284494
16.1 0.0285292
16.2 0.0286018
16.3 0.0286668
16.4 0.0287241
16.5 0.0287734
16.6 0.0288145
16.7 0.0288473
16.8 0.0288714
16.9 0.0288868
17 0.0288932
17.1 0.0288906
17.2 0.0288787
17.3 0.0288575
17.4 0.0288269
17.5 0.0287867
17.6 0.028737
17.7 0.0286777
17.8 0.0286086
17.9 0.0285299
18 0.0284415
18.1 0.0283433
18.2 0.0282356
18.3 0.0281182
18.4 0.0279913
18.5 0.0278549
18.6 0.0277091
18.7 0.0275541
18.8 0.0273899
18.9 0.0272167
19 0.0270347
19.1 0.0268439
19.2 0.0266447
19.3 0.0264372
19.4 0.0262215
19.5 0.0259979
19.6 0.0257667
19.7 0.025528
19.8 0.025282
19.9 0.0250291
20 0.0247695
20.1 0.0245034
20.2 0.0242312
20.3 0.023953
20.4 0.0236692
20.5 0.02338
20.6 0.0230858
20.7 0.0227867
20.8 0.0224831
20.9 0.0221754
21 0.0218636
21.1 0.0215483
21.2 0.0212296
21.3 0.0209078
21.4 0.0205832
21.5 0.0202561
21.6 0.0199268
21.7 0.0195955
21.8 0.0192626
21.9 0.0189284
22 0.018593
22.1 0.0182567
22.2 0.0179199
22.3 0.0175828
22.4 0.0172457
22.5 0.0169088
22.6 0.0165723
22.7 0.0162366
22.8 0.0159019
22.9 0.0155683
23 0.0152363
23.1 0.0149059
23.2 0.0145775
23.3 0.0142513
23.4 0.0139274
23.5 0.0136062
23.6 0.0132878
23.7 0.0129725
23.8 0.0126605
23.9 0.012352
24 0.0120471
24.1 0.0117462
24.2 0.0114493
24.3 0.0111567
24.4 0.0108685
24.5 0.010585
24.6 0.0103063
24.7 0.0100325
24.8 0.00976393
24.9 0.00950063
25 0.00924278
25.1 0.00899053
25.2 0.00874401
25.3 0.00850336
25.4 0.0082687
25.5 0.00804016
25.6 0.00781784
25.7 0.00760187
25.8 0.00739233
25.9 0.00718933
26 0.00699296
26.1 0.00680329
26.2 0.00662042
26.3 0.0064444
26.4 0.00627531
26.5 0.00611321
26.6 0.00595816
26.7 0.00581021
26.8 0.0056694
26.9 0.00553578
27 0.00540938
27.1 0.00529025
27.2 0.00517842
27.3 0.00507391
27.4 0.00497675
27.5 0.00488695
27.6 0.00480456
27.7 0.00472957
27.8 0.004662
27.9 0.00460188
28 0.00454921
28.1 0.00450401
28.2 0.00446629
28.3 0.00443605
28.4 0.00441331
28.5 0.00439808
28.6 0.00439035
28.7 0.00439015
28.8 0.00439747
28.9 0.00441232
29 0.0044347
29.1 0.00446462
29.2 0.00450209
29.3 0.0045471
29.4 0.00459966
29.5 0.00465976
29.6 0.0047274
29.7 0.00480258
29.8 0.0048853
29.9 0.00497555
30 0.00507331
30.1 0.00517857
30.2 0.00529131
30.3 0.00541152
30.4 0.00553917
30.5 0.00567423
30.6 0.00581668
30.7 0.00596646
30.8 0.00612354
30.9 0.00628786
31 0.00645939
31.1 0.00663804
31.2 0.00682376
31.3 0.00701647
31.4 0.00721608
31.5 0.00742252
31.6 0.00763568
31.7 0.00785545
31.8 0.00808173
31.9 0.00831439
32 0.00855329
32.1 0.00879831
32.2 0.0090493
32.3 0.00930608
32.4 0.00956851
32.5 0.0098364
32.6 0.0101096
32.7 0.0103878
32.8 0.010671
32.9 0.0109588
33 0.0112511
33.1 0.0115476
33.2 0.0118481
33.3 0.0121523
33.4 0.0124601
33.5 0.0127711
33.6 0.0130851
33.7 0.0134018
33.8 0.0137209
33.9 0.0140422
34 0.0143653
34.1 0.01469
34.2 0.015016
34.3 0.0153431
34.4 0.0156708
34.5 0.0159989
34.6 0.0163271
34.7 0.0166552
34.8 0.0169827
34.9 0.0173095
35 0.0176352
35.1 0.0179596
35.2 0.0182824
35.3 0.0186033
35.4 0.018922
35.5 0.0192383
35.6 0.019552
35.7 0.0198627
35.8 0.0201704
35.9 0.0204746
36 0.0207754
36.1 0.0210724
36.2 0.0213655
36.3 0.0216545
36.4 0.0219392
36.5 0.0222196
36.6 0.0224955
36.7 0.0227668
36.8 0.0230334
36.9 0.0232953
37 0.0235524
37.1 0.0238046
37.2 0.0240519
37.3 0.0242943
37.4 0.0245319
37.5 0.0247645
37.6 0.0249924
37.7 0.0252155
37.8 0.0254338
37.9 0.0256475
38 0.0258566
38.1 0.0260613
38.2 0.0262616
38.3 0.0264576
38.4 0.0266496
38.5 0.0268375
38.6 0.0270215
38.7 0.0272017
38.8 0.0273784
38.9 0.0275515
39 0.0277213
39.1 0.0278879
39.2 0.0280513
39.3 0.0282117
39.4 0.0283693
39.5 0.028524
39.6 0.028676
39.7 0.0288254
39.8 0.0289722
39.9 0.0291165
40 0.0292582
40.1 0.0293974
40.2 0.0295341
40.3 0.0296683
40.4 0.0297999
40.5 0.0299288
40.6 0.0300549
40.7 0.0301782
40.8 0.0302985
40.9 0.0304156
41 0.0305293
41.1 0.0306395
41.2 0.0307458
41.3 0.0308482
41.4 0.0309462
41.5 0.0310396
41.6 0.0311281
41.7 0.0312114
41.8 0.0312891
41.9 0.0313609
42 0.0314264
42.1 0.0314852
42.2 0.0315369
42.3 0.0315811
42.4 0.0316174
42.5 0.0316454
42.6 0.0316648
42.7 0.0316749
42.8 0.0316756
42.9 0.0316663
43 0.0316468
43.1 0.0316165
43.2 0.0315751
43.3 0.0315223
43.4 0.0314577
43.5 0.031381
43.6 0.0312919
43.7 0.0311902
43.8 0.0310756
43.9 0.0309478
44 0.0308067
44.1 0.0306521
44.2 0.030484
44.3 0.0303021
44.4 0.0301065
44.5 0.029897
44.6 0.0296739
44.7 0.029437
44.8 0.0291865
44.9 0.0289225
45 0.0286451
45.1 0.0283546
45.2 0.0280512
45.3 0.0277352
45.4 0.0274069
45.5 0.0270665
45.6 0.0267146
45.7 0.0263515
45.8 0.0259777
45.9 0.0255935
46 0.0251996
46.1 0.0247964
46.2 0.0243844
46.3 0.0239644
46.4 0.0235367
46.5 0.023102
46.6 0.022661
46.7 0.0222142
46.8 0.0217624
46.9 0.021306
47 0.0208459
47.1 0.0203826
47.2 0.0199167
47.3 0.019449
47.4 0.0189801
47.5 0.0185105
47.6 0.018041
47.7 0.0175722
47.8 0.0171046
47.9 0.0166388
48 0.0161754
48.1 0.015715
48.2 0.0152581
48.3 0.0148052
48.4 0.0143568
48.5 0.0139133
48.6 0.0134753
48.7 0.013043
48.8 0.012617
48.9 0.0121975
49 0.011785
49.1 0.0113797
49.2 0.0109819
49.3 0.0105918
49.4 0.0102098
49.5 0.00983594
49.6 0.00947049
49.7 0.00911357
49.8 0.00876532
49.9 0.00842583
50 0.0080952
50.1 0.00777346
50.2 0.00746067
50.3 0.00715683
50.4 0.00686194
50.5 0.00657597
50.6 0.00629888
50.7 0.0060306
50.8 0.00577107
50.9 0.00552019
51 0.00527785
51.1 0.00504395
51.2 0.00481834
51.3 0.00460089
51.4 0.00439145
51.5 0.00418986
51.6 0.00399596
51.7 0.00380957
51.8 0.00363052
51.9 0.00345864
52 0.00329372
52.1 0.00313559
52.2 0.00298405
52.3 0.00283892
52.4 0.00269999
52.5 0.00256708
52.6 0.00244
52.7 0.00231854
52.8 0.00220253
52.9 0.00209177
53 0.00198609
53.1 0.00188528
53.2 0.00178918
53.3 0.00169761
53.4 0.0016104
53.5 0.00152737
53.6 0.00144835
53.7 0.0013732
53.8 0.00130175
53.9 0.00123384
54 0.00116933
54.1 0.00110807
54.2 0.00104992
54.3 0.000994757
54.4 0.000942436
54.5 0.000892835
54.6 0.000845829
54.7 0.000801301
54.8 0.000759137
54.9 0.000719228
55 0.000681466
55.1 0.000645751
55.2 0.000611985
55.3 0.000580073
55.4 0.000549924
55.5 0.000521452
55.6 0.000494573
55.7 0.000469208
55.8 0.000445279
55.9 0.000422713
56 0.000401439
56.1 0.000381391
56.2 0.000362503
56.3 0.000344714
56.4 0.000327964
56.5 0.000312198
56.6 0.00029736
56.7 0.0002834
56.8 0.000270268
56.9 0.000257918
57 0.000246305
57.1 0.000235386
57.2 0.000225121
57.3 0.000215473
57.4 0.000206402
57.5 0.000197878
57.6 0.000189864
57.7 0.000182332
57.8 0.00017525
57.9 0.000168593
58 0.000162334
58.1 0.000156448
58.2 0.000150913
58.3 0.000145705
58.4 0.000140807
58.5 0.000136199
58.6 0.000131863
58.7 0.000127781
58.8 0.000123941
58.9 0.000120327
59 0.000116926
59.1 0.000113727
59.2 0.000110718
59.3 0.000107889
59.4 0.00010523
59.5 0.000102734
59.6 0.000100392
59.7 9.81976e-05
59.8 9.61441e-05
59.9 9.42258e-05
60 9.24372e-05
60.1 9.07734e-05
60.2 8.92295e-05
60.3 8.78017e-05
60.4 8.64863e-05
60.5 8.52801e-05
60.6 8.41789e-05
60.7 8.31802e-05
60.8 8.22808e-05
60.9 8.14776e-05
61 8.0768e-05
61.1 8.0149e-05
61.2 7.96174e-05
61.3 7.91706e-05
61.4 7.88057e-05
61.5 7.85195e-05
61.6 7.83088e-05
61.7 7.81705e-05
61.8 7.81008e-05
61.9 7.80962e-05
62 7.81525e-05
62.1 7.82659e-05
62.2 7.84324e-05
62.3 7.86478e-05
62.4 7.89074e-05
62.5 7.92063e-05
62.6 7.95401e-05
62.7 7.99038e-05
62.8 8.02927e-05
62.9 8.07016e-05
63 8.11252e-05
63.1 8.15584e-05
63.2 8.19961e-05
63.3 8.24328e-05
63.4 8.28637e-05
63.5 8.32837e-05
63.6 8.36878e-05
63.7 8.4071e-05
63.8 8.44288e-05
63.9 8.47564e-05
64 8.50494e-05
64.1 8.53037e-05
64.2 8.55154e-05
64.3 8.56806e-05
64.4 8.57961e-05
64.5 8.58588e-05
64.6 8.58657e-05
64.7 8.58143e-05
64.8 8.57025e-05
64.9 8.55284e-05
65 8.52905e-05
65.1 8.49876e-05
65.2 8.46186e-05
65.3 8.41831e-05
65.4 8.3681e-05
65.5 8.31123e-05
65.6 8.24774e-05
65.7 8.1777e-05
65.8 8.1012e-05
65.9 8.01839e-05
66 7.92941e-05
66.1 7.83443e-05
66.2 7.73365e-05
66.3 7.6273e-05
66.4 7.51561e-05
66.5 7.39882e-05
66.6 7.27722e-05
66.7 7.15109e-05
66.8 7.02071e-05
66.9 6.88639e-05
67 6.74843e-05
67.1 6.60715e-05
67.2 6.46287e-05
67.3 6.3159e-05
67.4 6.16657e-05
67.5 6.01519e-05
67.6 5.86208e-05
67.7 5.70756e-05
67.8 5.55193e-05
67.9 5.3955e-05
68 5.23857e-05
68.1 5.08142e-05
68.2 4.92434e-05
68.3 4.76759e-05
68.4 4.61145e-05
68.5 4.45616e-05
68.6 4.30197e-05
68.7 4.14911e-05
68.8 3.9978e-05
68.9 3.84824e-05
69 3.70065e-05
69.1 3.5552e-05
69.2 3.41208e-05
69.3 3.27143e-05
69.4 3.13343e-05
69.5 2.9982e-05
69.6 2.86587e-05
69.7 2.73657e-05
69.8 2.6104e-05
69.9 2.48746e-05
70 2.36782e-05
70.1 2.25157e-05
70.2 2.13876e-05
70.3 2.02945e-05
70.4 1.92368e-05
70.5 1.8215e-05
70.6 1.72292e-05
70.7 1.62795e-05
70.8 1.53661e-05
70.9 1.4489e-05
71 1.36481e-05
71.1 1.28432e-05
71.2 1.20742e-05
71.3 1.13408e-05
71.4 1.06426e-05
71.5 9.97938e-06
71.6 9.3506e-06
71.7 8.75586e-06
71.8 8.19468e-06
71.9 7.66657e-06
72 7.171e-06
72.1 6.70744e-06
72.2 6.27529e-06
72.3 5.87413e-06
72.4 5.50335e-06
72.5 5.16243e-06
72.6 4.85084e-06
72.7 4.56809e-06
72.8 4.31371e-06
72.9 4.08724e-06
73 3.88826e-06
73.1 3.71639e-06
73.2 3.57128e-06
73.3 3.45262e-06
73.4 3.36012e-06
73.5 3.29356e-06
73.6 3.25273e-06
73.7 3.23748e-06
73.8 3.24769e-06
73.9 3.28327e-06
74 3.34416e-06
74.1 3.43034e-06
74.2 3.54178e-06
74.3 3.67858e-06
74.4 3.84073e-06
74.5 4.02828e-06
74.6 4.24127e-06
74.7 4.47975e-06
74.8 4.74375e-06
74.9 5.03329e-06
75 5.34836e-06
75.1 5.6889e-06
75.2 6.05481e-06
75.3 6.44596e-06
75.4 6.86214e-06
75.5 7.30305e-06
75.6 7.76836e-06
75.7 8.2576e-06
75.8 8.77024e-06
75.9 9.30564e-06
76 9.86304e-06
76.1 1.04416e-05
76.2 1.10403e-05
76.3 1.16581e-05
76.4 1.22936e-05
76.5 1.29457e-05
76.6 1.36127e-05
76.7 1.4293e-05
76.8 1.49849e-05
76.9 1.56865e-05
77 1.63958e-05
77.1 1.71108e-05
77.2 1.78292e-05
77.3 1.85487e-05
77.4 1.92668e-05
77.5 1.99812e-05
77.6 2.06892e-05
77.7 2.13883e-05
77.8 2.20757e-05
77.9 2.27489e-05
78 2.34051e-05
78.1 2.40418e-05
78.2 2.46561e-05
78.3 2.52456e-05
78.4 2.58078e-05
78.5 2.634e-05
78.6 2.68401e-05
78.7 2.73057e-05
78.8 2.77347e-05
78.9 2.81251e-05
79 2.84752e-05
79.1 2.87832e-05
79.2 2.90478e-05
79.3 2.92675e-05
79.4 2.94415e-05
79.5 2.95688e-05
79.6 2.96489e-05
79.7 2.96814e-05
79.8 2.9666e-05
79.9 2.96029e-05
80 2.94924e-05
80.1 2.93349e-05
80.2 2.91314e-05
80.3 2.88826e-05
80.4 2.85899e-05
80.5 2.82545e-05
80.6 2.78781e-05
80.7 2.74624e-05
80.8 2.70094e-05
80.9 2.65211e-05
81 2.59996e-05
81.1 2.54474e-05
81.2 2.48668e-05
81.3 2.42603e-05
81.4 2.36304e-05
81.5 2.29799e-05
81.6 2.23112e-05
81.7 2.16272e-05
81.8 2.09303e-05
81.9 2.02233e-05
82 1.95087e-05
82.1 1.8789e-05
82.2 1.80668e-05
82.3 1.73443e-05
82.4 1.66239e-05
82.5 1.59078e-05
82.6 1.5198e-05
82.7 1.44965e-05
82.8 1.38051e-05
82.9 1.31255e-05
83 1.24592e-05
83.1 1.18078e-05
83.2 1.11723e-05
83.3 1.05541e-05
83.4 9.95397e-06
83.5 9.37288e-06
83.6 8.81149e-06
83.7 8.27038e-06
83.8 7.75001e-06
83.9 7.25068e-06
84 6.77259e-06
84.1 6.31585e-06
84.2 5.88041e-06
84.3 5.46619e-06
84.4 5.07295e-06
84.5 4.70043e-06
84.6 4.34825e-06
84.7 4.01597e-06
84.8 3.70311e-06
84.9 3.40913e-06
85 3.13343e-06
85.1 2.87539e-06
85.2 2.63435e-06
85.3 2.40963e-06
85.4 2.20053e-06
85.5 2.00633e-06
85.6 1.82633e-06
85.7 1.6598e-06
85.8 1.50603e-06
85.9 1.3643e-06
86 1.23392e-06
86.1 1.1142e-06
86.2 1.00448e-06
86.3 9.04101e-07
86.4 8.12445e-07
86.5 7.28904e-07
86.6 6.52901e-07
86.7 5.83881e-07
86.8 5.21316e-07
86.9 4.64706e-07
87 4.13575e-07
87.1 3.67478e-07
87.2 3.25993e-07
87.3 2.88726e-07
87.4 2.55307e-07
87.5 2.25392e-07
87.6 1.98663e-07
87.7 1.74821e-07
87.8 1.53592e-07
87.9 1.34725e-07
88 1.17984e-07
