-5 1.42493e-06
-4.9 1.79109e-06
-4.8 2.24291e-06
-4.7 2.79892e-06
-4.6 3.4803e-06
-4.5 4.31244e-06
-4.4 5.32483e-06
-4.3 6.55243e-06
-4.2 8.03473e-06
-4.1 9.81892e-06
-4 1.19582e-05
-3.9 1.45138e-05
-3.8 1.75556e-05
-3.7 2.11629e-05
-3.6 2.54257e-05
-3.5 3.04446e-05
-3.4 3.63328e-05
-3.3 4.3216e-05
-3.2 5.12339e-05
-3.1 6.05399e-05
-3 7.13025e-05
-2.9 8.37058e-05
-2.8 9.79498e-05
-2.7 0.000114251
-2.6 0.000132841
-2.5 0.000153967
-2.4 0.000177892
-2.3 0.000204896
-2.2 0.00023527
-2.1 0.000269318
-2 0.000307357
-1.9 0.000349712
-1.8 0.000396717
-1.7 0.000448712
-1.6 0.000506039
-1.5 0.00056904
-1.4 0.000638056
-1.3 0.000713421
-1.2 0.000795464
-1.1 0.0008845
-1 0.000980833
-0.9 0.00108475
-0.8 0.0011965
-0.7 0.00131635
-0.6 0.00144451
-0.5 0.00158117
-0.4 0.00172648
-0.3 0.0018806
-0.2 0.00204361
-0.1 0.0022156
-1.02696e-15 0.00239659
0.1 0.0025866
0.2 0.00278562
0.3 0.00299358
0.4 0.00321042
0.5 0.00343602
0.6 0.00367026
0.7 0.003913
0.8 0.00416406
0.9 0.00442326
1 0.00469041
1.1 0.0049653
1.2 0.00524771
1.3 0.00553742
1.4 0.0058342
1.5 0.00613784
1.6 0.0064481
1.7 0.00676477
1.8 0.00708761
1.9 0.00741642
2 0.00775099
2.1 0.00809109
2.2 0.00843654
2.3 0.00878714
2.4 0.00914269
2.5 0.009503
2.6 0.00986787
2.7 0.0102371
2.8 0.0106106
2.9 0.0109881
3 0.0113694
3.1 0.0117543
3.2 0.0121427
3.3 0.0125343
3.4 0.012929
3.5 0.0133265
3.6 0.0137266
3.7 0.0141291
3.8 0.0145337
3.9 0.0149403
4 0.0153486
4.1 0.0157584
4.2 0.0161693
4.3 0.0165812
4.4 0.0169938
4.5 0.0174068
4.6 0.0178201
4.7 0.0182332
4.8 0.0186461
4.9 0.0190584
5 0.0194698
5.1 0.0198803
5.2 0.0202895
5.3 0.0206972
5.4 0.0211032
5.5 0.0215074
5.6 0.0219095
5.7 0.0223093
5.8 0.0227069
5.9 0.0231019
6 0.0234944
6.1 0.0238842
6.2 0.0242712
6.3 0.0246553
6.4 0.0250366
6.5 0.025415
6.6 0.0257904
6.7 0.0261629
6.8 0.0265325
6.9 0.0268991
7 0.0272627
7.1 0.0276235
7.2 0.0279813
7.3 0.0283362
7.4 0.0286883
7.5 0.0290374
7.6 0.0293836
7.7 0.0297269
7.8 0.0300672
7.9 0.0304045
8 0.0307387
8.1 0.0310697
8.2 0.0313975
8.3 0.0317219
8.4 0.0320427
8.5 0.0323599
8.6 0.0326733
8.7 0.0329827
8.8 0.0332878
8.9 0.0335885
9 0.0338846
9.1 0.0341757
9.2 0.0344617
9.3 0.0347423
9.4 0.0350172
9.5 0.0352862
9.6 0.0355489
9.7 0.0358051
9.8 0.0360544
9.9 0.0362967
10 0.0365315
10.1 0.0367586
10.2 0.0369776
10.3 0.0371884
10.4 0.0373907
10.5 0.0375841
10.6 0.0377685
10.7 0.0379435
10.8 0.0381091
10.9 0.0382649
11 0.0384108
11.1 0.0385467
11.2 0.0386724
11.3 0.0387878
11.4 0.0388928
11.5 0.0389875
11.6 0.0390718
11.7 0.0391457
11.8 0.0392092
11.9 0.0392625
12 0.0393056
12.1 0.0393387
12.2 0.0393619
12.3 0.0393755
12.4 0.0393796
12.5 0.0393744
12.6 0.0393603
12.7 0.0393374
12.8 0.039306
12.9 0.0392665
13 0.0392191
13.1 0.039164
13.2 0.0391017
13.3 0.0390323
13.4 0.0389562
13.5 0.0388736
13.6 0.0387848
13.7 0.0386902
13.8 0.0385898
13.9 0.0384841
14 0.0383731
14.1 0.0382572
14.2 0.0381365
14.3 0.0380113
14.4 0.0378816
14.5 0.0377477
14.6 0.0376096
14.7 0.0374676
14.8 0.0373217
14.9 0.037172
15 0.0370185
15.1 0.0368614
15.2 0.0367007
15.3 0.0365364
15.4 0.0363685
15.5 0.036197
15.6 0.036022
15.7 0.0358433
15.8 0.0356611
15.9 0.0354752
16 0.0352856
16.1 0.0350923
16.2 0.0348952
16.3 0.0346944
16.4 0.0344898
16.5 0.0342814
16.6 0.0340693
16.7 0.0338534
16.8 0.0336337
16.9 0.0334105
17 0.0331836
17.1 0.0329534
17.2 0.0327198
17.3 0.032483
17.4 0.0322433
17.5 0.0320008
17.6 0.0317558
17.7 0.0315084
17.8 0.031259
17.9 0.0310078
18 0.0307551
18.1 0.0305011
18.2 0.0302461
18.3 0.0299905
18.4 0.0297344
18.5 0.0294781
18.6 0.0292219
18.7 0.0289659
18.8 0.0287105
18.9 0.0284557
19 0.0282017
19.1 0.0279487
19.2 0.0276968
19.3 0.027446
19.4 0.0271964
19.5 0.0269481
19.6 0.0267011
19.7 0.0264554
19.8 0.0262109
19.9 0.0259678
20 0.0257258
20.1 0.0254852
20.2 0.0252457
20.3 0.0250074
20.4 0.0247702
20.5 0.0245342
20.6 0.0242994
20.7 0.0240657
20.8 0.0238332
20.9 0.0236021
21 0.0233722
21.1 0.0231438
21.2 0.0229169
21.3 0.0226917
21.4 0.0224684
21.5 0.022247
21.6 0.0220277
21.7 0.0218108
21.8 0.0215964
21.9 0.0213847
22 0.021176
22.1 0.0209704
22.2 0.0207681
22.3 0.0205693
22.4 0.0203742
22.5 0.020183
22.6 0.0199958
22.7 0.0198127
22.8 0.0196338
22.9 0.0194593
23 0.0192892
23.1 0.0191234
23.2 0.0189621
23.3 0.0188052
23.4 0.0186527
23.5 0.0185045
23.6 0.0183605
23.7 0.0182206
23.8 0.0180847
23.9 0.0179526
24 0.0178243
24.1 0.0176994
24.2 0.0175778
24.3 0.0174594
24.4 0.017344
24.5 0.0172313
24.6 0.0171212
24.7 0.0170136
24.8 0.0169081
24.9 0.0168047
25 0.0167033
25.1 0.0166036
25.2 0.0165055
25.3 0.016409
25.4 0.016314
25.5 0.0162203
25.6 0.0161279
25.7 0.0160368
25.8 0.0159469
25.9 0.0158582
26 0.0157707
26.1 0.0156845
26.2 0.0155995
26.3 0.0155157
26.4 0.0154334
26.5 0.0153524
26.6 0.0152728
26.7 0.0151948
26.8 0.0151184
26.9 0.0150437
27 0.0149707
27.1 0.0148996
27.2 0.0148304
27.3 0.0147633
27.4 0.0146983
27.5 0.0146355
27.6 0.0145751
27.7 0.0145171
27.8 0.0144616
27.9 0.0144087
28 0.0143585
28.1 0.0143111
28.2 0.0142666
28.3 0.0142252
28.4 0.0141868
28.5 0.0141516
28.6 0.0141197
28.7 0.0140911
28.8 0.014066
28.9 0.0140445
29 0.0140267
29.1 0.0140125
29.2 0.0140022
29.3 0.0139958
29.4 0.0139934
29.5 0.0139951
29.6 0.0140009
29.7 0.0140109
29.8 0.0140253
29.9 0.014044
30 0.0140672
30.1 0.0140949
30.2 0.0141271
30.3 0.014164
30.4 0.0142056
30.5 0.0142518
30.6 0.0143028
30.7 0.0143586
30.8 0.0144191
30.9 0.0144843
31 0.0145544
31.1 0.0146291
31.2 0.0147085
31.3 0.0147925
31.4 0.014881
31.5 0.014974
31.6 0.0150713
31.7 0.0151729
31.8 0.0152784
31.9 0.0153879
32 0.0155011
32.1 0.0156179
32.2 0.0157379
32.3 0.0158611
32.4 0.0159872
32.5 0.0161159
32.6 0.0162471
32.7 0.0163804
32.8 0.0165156
32.9 0.0166525
33 0.0167908
33.1 0.0169303
33.2 0.0170707
33.3 0.0172118
33.4 0.0173533
33.5 0.017495
33.6 0.0176367
33.7 0.0177782
33.8 0.0179192
33.9 0.0180595
34 0.018199
34.1 0.0183373
34.2 0.0184744
34.3 0.01861
34.4 0.0187439
34.5 0.018876
34.6 0.0190059
34.7 0.0191336
34.8 0.0192589
34.9 0.0193814
35 0.0195011
35.1 0.0196177
35.2 0.019731
35.3 0.0198408
35.4 0.0199468
35.5 0.0200489
35.6 0.0201468
35.7 0.0202403
35.8 0.0203292
35.9 0.0204132
36 0.0204922
36.1 0.0205659
36.2 0.0206342
36.3 0.0206967
36.4 0.0207533
36.5 0.0208039
36.6 0.0208482
36.7 0.020886
36.8 0.0209172
36.9 0.0209416
37 0.0209591
37.1 0.0209695
37.2 0.0209726
37.3 0.0209685
37.4 0.0209569
37.5 0.0209377
37.6 0.020911
37.7 0.0208766
37.8 0.0208344
37.9 0.0207846
38 0.020727
38.1 0.0206617
38.2 0.0205887
38.3 0.020508
38.4 0.0204199
38.5 0.0203244
38.6 0.0202215
38.7 0.0201116
38.8 0.0199947
38.9 0.0198711
39 0.019741
39.1 0.0196047
39.2 0.0194624
39.3 0.0193144
39.4 0.0191611
39.5 0.0190027
39.6 0.0188397
39.7 0.0186722
39.8 0.0185007
39.9 0.0183255
40 0.0181469
40.1 0.0179652
40.2 0.0177808
40.3 0.0175939
40.4 0.0174049
40.5 0.017214
40.6 0.0170214
40.7 0.0168275
40.8 0.0166322
40.9 0.016436
41 0.0162389
41.1 0.016041
41.2 0.0158424
41.3 0.0156434
41.4 0.0154438
41.5 0.0152439
41.6 0.0150436
41.7 0.014843
41.8 0.0146421
41.9 0.0144409
42 0.0142395
42.1 0.0140378
42.2 0.0138358
42.3 0.0136337
42.4 0.0134313
42.5 0.0132288
42.6 0.0130261
42.7 0.0128232
42.8 0.0126204
42.9 0.0124174
43 0.0122145
43.1 0.0120118
43.2 0.0118091
43.3 0.0116067
43.4 0.0114046
43.5 0.0112029
43.6 0.0110017
43.7 0.0108011
43.8 0.010601
43.9 0.0104017
44 0.0102032
44.1 0.0100056
44.2 0.00980896
44.3 0.00961331
44.4 0.00941876
44.5 0.00922536
44.6 0.00903316
44.7 0.00884223
44.8 0.00865262
44.9 0.00846437
45 0.00827753
45.1 0.00809216
45.2 0.00790829
45.3 0.00772598
45.4 0.00754527
45.5 0.0073662
45.6 0.00718884
45.7 0.00701322
45.8 0.00683941
45.9 0.00666745
46 0.00649741
46.1 0.00632935
46.2 0.00616332
46.3 0.00599939
46.4 0.00583762
46.5 0.00567807
46.6 0.0055208
46.7 0.00536587
46.8 0.00521335
46.9 0.00506329
47 0.00491575
47.1 0.00477077
47.2 0.0046284
47.3 0.00448869
47.4 0.00435167
47.5 0.00421739
47.6 0.00408586
47.7 0.00395711
47.8 0.00383118
47.9 0.00370806
48 0.00358778
48.1 0.00347033
48.2 0.00335574
48.3 0.00324398
48.4 0.00313507
48.5 0.00302899
48.6 0.00292573
48.7 0.00282528
48.8 0.00272761
48.9 0.00263272
49 0.00254058
49.1 0.00245116
49.2 0.00236443
49.3 0.00228036
49.4 0.00219892
49.5 0.00212006
49.6 0.00204376
49.7 0.00196996
49.8 0.00189861
49.9 0.00182968
50 0.0017631
50.1 0.00169883
50.2 0.00163679
50.3 0.00157695
50.4 0.00151922
50.5 0.00146356
50.6 0.00140988
50.7 0.00135813
50.8 0.00130824
50.9 0.00126014
51 0.00121376
51.1 0.00116903
51.2 0.00112589
51.3 0.00108427
51.4 0.0010441
51.5 0.00100532
51.6 0.000967872
51.7 0.000931696
51.8 0.000896736
51.9 0.000862938
52 0.000830253
52.1 0.000798631
52.2 0.00076803
52.3 0.000738409
52.4 0.000709728
52.5 0.000681953
52.6 0.000655051
52.7 0.000628992
52.8 0.000603748
52.9 0.000579293
53 0.000555605
53.1 0.000532661
53.2 0.000510441
53.3 0.000488925
53.4 0.000468096
53.5 0.000447936
53.6 0.000428428
53.7 0.000409556
53.8 0.000391303
53.9 0.000373655
54 0.000356596
54.1 0.00034011
54.2 0.000324182
54.3 0.000308797
54.4 0.00029394
54.5 0.000279596
54.6 0.000265752
54.7 0.000252392
54.8 0.000239504
54.9 0.000227076
55 0.000215093
55.1 0.000203547
55.2 0.000192425
55.3 0.000181718
55.4 0.000171416
55.5 0.000161513
55.6 0.000152
55.7 0.00014287
55.8 0.000134118
55.9 0.000125737
56 0.000117723
56.1 0.000110071
56.2 0.000102775
56.3 9.5832e-05
56.4 8.92359e-05
56.5 8.29817e-05
56.6 7.70638e-05
56.7 7.14762e-05
56.8 6.62125e-05
56.9 6.12654e-05
57 5.66267e-05
57.1 5.22875e-05
57.2 4.82389e-05
57.3 4.44706e-05
57.4 4.0972e-05
57.5 3.77314e-05
57.6 3.47375e-05
57.7 3.19778e-05
57.8 2.94402e-05
57.9 2.7112e-05
58 2.49806e-05
58.1 2.30337e-05
58.2 2.12588e-05
58.3 1.96439e-05
58.4 1.81776e-05
58.5 1.68486e-05
58.6 1.56465e-05
58.7 1.45612e-05
58.8 1.35836e-05
58.9 1.27053e-05
59 1.1918e-05
59.1 1.12147e-05
59.2 1.05887e-05
59.3 1.00341e-05
59.4 9.54541e-06
59.5 9.11769e-06
59.6 8.74671e-06
59.7 8.42825e-06
59.8 8.15855e-06
59.9 7.93414e-06
60 7.75187e-06
60.1 7.60853e-06
60.2 7.5011e-06
60.3 7.42664e-06
60.4 7.38219e-06
60.5 7.36483e-06
60.6 7.37169e-06
60.7 7.3998e-06
60.8 7.44616e-06
60.9 7.50796e-06
61 7.5822e-06
61.1 7.66604e-06
61.2 7.75672e-06
61.3 7.85168e-06
61.4 7.94842e-06
61.5 8.04454e-06
61.6 8.13804e-06
61.7 8.22705e-06
61.8 8.31002e-06
61.9 8.38568e-06
62 8.4531e-06
62.1 8.5116e-06
62.2 8.56095e-06
62.3 8.60107e-06
62.4 8.63219e-06
62.5 8.6548e-06
62.6 8.66962e-06
62.7 8.67754e-06
62.8 8.67962e-06
62.9 8.67697e-06
63 8.67067e-06
63.1 8.66203e-06
63.2 8.65209e-06
63.3 8.64181e-06
63.4 8.63206e-06
63.5 8.6235e-06
63.6 8.61657e-06
63.7 8.61146e-06
63.8 8.60818e-06
63.9 8.6064e-06
64 8.60559e-06
64.1 8.60494e-06
64.2 8.60344e-06
64.3 8.59987e-06
64.4 8.59285e-06
64.5 8.58088e-06
64.6 8.56236e-06
64.7 8.53566e-06
64.8 8.49916e-06
64.9 8.45129e-06
65 8.39062e-06
65.1 8.31578e-06
65.2 8.22569e-06
65.3 8.11936e-06
65.4 7.99616e-06
65.5 7.85567e-06
65.6 7.69774e-06
65.7 7.52255e-06
65.8 7.33051e-06
65.9 7.12235e-06
66 6.89902e-06
66.1 6.66176e-06
66.2 6.41195e-06
66.3 6.15127e-06
66.4 5.88145e-06
66.5 5.60438e-06
66.6 5.32204e-06
66.7 5.03641e-06
66.8 4.74953e-06
66.9 4.46341e-06
67 4.17999e-06
67.1 3.90115e-06
67.2 3.62868e-06
67.3 3.36423e-06
67.4 3.10933e-06
67.5 2.86539e-06
67.6 2.63365e-06
67.7 2.41523e-06
67.8 2.21112e-06
67.9 2.02218e-06
68 1.84915e-06
68.1 1.69269e-06
68.2 1.55338e-06
68.3 1.43172e-06
68.4 1.3282e-06
68.5 1.24327e-06
68.6 1.17739e-06
68.7 1.13103e-06
68.8 1.1047e-06
68.9 1.09895e-06
69 1.11439e-06
69.1 1.15172e-06
69.2 1.21163e-06
69.3 1.29494e-06
69.4 1.40252e-06
69.5 1.53529e-06
69.6 1.69418e-06
69.7 1.88017e-06
69.8 2.09421e-06
69.9 2.33723e-06
70 2.6101e-06
70.1 2.91355e-06
70.2 3.2483e-06
70.3 3.61477e-06
70.4 4.01324e-06
70.5 4.44375e-06
70.6 4.90605e-06
70.7 5.39962e-06
70.8 5.92356e-06
70.9 6.47666e-06
71 7.05729e-06
71.1 7.66346e-06
71.2 8.29278e-06
71.3 8.94247e-06
71.4 9.60934e-06
71.5 1.02899e-05
71.6 1.09802e-05
71.7 1.16762e-05
71.8 1.23734e-05
71.9 1.30672e-05
72 1.37527e-05
72.1 1.44252e-05
72.2 1.50798e-05
72.3 1.57116e-05
72.4 1.63159e-05
72.5 1.68882e-05
72.6 1.74242e-05
72.7 1.79201e-05
72.8 1.83723e-05
72.9 1.87778e-05
73 1.91339e-05
73.1 1.94386e-05
73.2 1.96905e-05
73.3 1.98886e-05
73.4 2.00327e-05
73.5 2.01231e-05
73.6 2.01606e-05
73.7 2.01468e-05
73.8 2.00835e-05
73.9 1.99732e-05
74 1.98189e-05
74.1 1.96237e-05
74.2 1.93913e-05
74.3 1.91255e-05
74.4 1.88302e-05
74.5 1.85095e-05
74.6 1.81676e-05
74.7 1.78086e-05
74.8 1.74363e-05
74.9 1.70545e-05
75 1.66668e-05
75.1 1.62765e-05
75.2 1.58865e-05
75.3 1.54993e-05
75.4 1.51172e-05
75.5 1.47418e-05
75.6 1.43746e-05
75.7 1.40165e-05
75.8 1.3668e-05
75.9 1.33292e-05
76 1.30001e-05
76.1 1.268e-05
76.2 1.23683e-05
76.3 1.20638e-05
76.4 1.17654e-05
76.5 1.14717e-05
76.6 1.11815e-05
76.7 1.08931e-05
76.8 1.06052e-05
76.9 1.03166e-05
77 1.00258e-05
77.1 9.73201e-06
77.2 9.43419e-06
77.3 9.13168e-06
77.4 8.82404e-06
77.5 8.51103e-06
77.6 8.19268e-06
77.7 7.86923e-06
77.8 7.54117e-06
77.9 7.20918e-06
78 6.87414e-06
78.1 6.53708e-06
78.2 6.1992e-06
78.3 5.86176e-06
78.4 5.52612e-06
78.5 5.19369e-06
78.6 4.86586e-06
78.7 4.54401e-06
78.8 4.22948e-06
78.9 3.92352e-06
79 3.6273e-06
79.1 3.34185e-06
79.2 3.06808e-06
79.3 2.80677e-06
79.4 2.55852e-06
79.5 2.3238e-06
79.6 2.10293e-06
79.7 1.89606e-06
79.8 1.70323e-06
79.9 1.52433e-06
80 1.35912e-06
80.1 1.20726e-06
80.2 1.06833e-06
80.3 9.4181e-07
80.4 8.27118e-07
80.5 7.23624e-07
80.6 6.30661e-07
80.7 5.47535e-07
80.8 4.7354e-07
80.9 4.07969e-07
81 3.50101e-07
81.1 2.99278e-07
81.2 2.54867e-07
81.3 2.16205e-07
81.4 1.82696e-07
81.5 1.53781e-07
81.6 1.28939e-07
81.7 1.0769e-07
81.8 8.95923e-08
81.9 7.42456e-08
82 6.12878e-08
