-6 3.94875e-06
-5.9 4.75223e-06
-5.8 5.70659e-06
-5.7 6.83537e-06
-5.6 8.1674e-06
-5.5 9.73634e-06
-5.4 1.15789e-05
-5.3 1.37371e-05
-5.2 1.62593e-05
-5.1 1.92004e-05
-5 2.26201e-05
-4.9 2.65868e-05
-4.8 3.11786e-05
-4.7 3.64775e-05
-4.6 4.25782e-05
-4.5 4.95867e-05
-4.4 5.76178e-05
-4.3 6.67974e-05
-4.2 7.72645e-05
-4.1 8.91708e-05
-4 0.000102681
-3.9 0.000117975
-3.8 0.000135246
-3.7 0.000154703
-3.6 0.000176572
-3.5 0.000201091
-3.4 0.000228518
-3.3 0.000259125
-3.2 0.000293199
-3.1 0.000331044
-3 0.000372978
-2.9 0.000419338
-2.8 0.000470472
-2.7 0.000526741
-2.6 0.000588522
-2.5 0.000656199
-2.4 0.000730167
-2.3 0.00081083
-2.2 0.000898601
-2.1 0.000993892
-2 0.00109712
-1.9 0.00120871
-1.8 0.00132908
-1.7 0.00145863
-1.6 0.00159777
-1.5 0.00174691
-1.4 0.00190642
-1.3 0.00207668
-1.2 0.00225806
-1.1 0.00245087
-1 0.00265545
-0.9 0.00287208
-0.8 0.00310104
-0.7 0.00334256
-0.6 0.00359687
-0.5 0.00386414
-0.4 0.00414454
-0.3 0.00443817
-0.2 0.00474514
-0.1 0.0050655
-4.57967e-15 0.00539927
0.1 0.00574643
0.2 0.00610695
0.3 0.00648074
0.4 0.0068677
0.5 0.00726769
0.6 0.00768053
0.7 0.00810603
0.8 0.00854394
0.9 0.00899403
1 0.009456
1.1 0.00992954
1.2 0.0104143
1.3 0.01091
1.4 0.0114162
1.5 0.0119325
1.6 0.0124586
1.7 0.0129939
1.8 0.0135381
1.9 0.0140907
2 0.0146512
2.1 0.0152191
2.2 0.015794
2.3 0.0163753
2.4 0.0169625
2.5 0.0175552
2.6 0.0181527
2.7 0.0187545
2.8 0.0193601
2.9 0.0199689
3 0.0205804
3.1 0.021194
3.2 0.0218092
3.3 0.0224253
3.4 0.0230419
3.5 0.0236583
3.6 0.0242739
3.7 0.0248884
3.8 0.025501
3.9 0.0261113
4 0.0267187
4.1 0.0273228
4.2 0.0279229
4.3 0.0285187
4.4 0.0291097
4.5 0.0296954
4.6 0.0302754
4.7 0.0308494
4.8 0.0314169
4.9 0.0319776
5 0.0325312
5.1 0.0330774
5.2 0.033616
5.3 0.0341468
5.4 0.0346695
5.5 0.035184
5.6 0.0356903
5.7 0.0361881
5.8 0.0366775
5.9 0.0371584
6 0.0376308
6.1 0.0380948
6.2 0.0385504
6.3 0.0389978
6.4 0.0394369
6.5 0.0398681
6.6 0.0402913
6.7 0.0407068
6.8 0.0411148
6.9 0.0415155
7 0.041909
7.1 0.0422957
7.2 0.0426756
7.3 0.0430491
7.4 0.0434164
7.5 0.0437776
7.6 0.044133
7.7 0.0444828
7.8 0.0448272
7.9 0.0451663
8 0.0455004
8.1 0.0458294
8.2 0.0461536
8.3 0.0464731
8.4 0.0467878
8.5 0.0470979
8.6 0.0474033
8.7 0.0477039
8.8 0.0479997
8.9 0.0482907
9 0.0485765
9.1 0.0488571
9.2 0.0491322
9.3 0.0494016
9.4 0.0496648
9.5 0.0499216
9.6 0.0501716
9.7 0.0504143
9.8 0.0506492
9.9 0.0508758
10 0.0510936
10.1 0.051302
10.2 0.0515003
10.3 0.051688
10.4 0.0518644
10.5 0.0520288
10.6 0.0521804
10.7 0.0523187
10.8 0.0524429
10.9 0.0525522
11 0.0526461
11.1 0.0527237
11.2 0.0527846
11.3 0.0528279
11.4 0.0528532
11.5 0.0528598
11.6 0.0528472
11.7 0.0528149
11.8 0.0527625
11.9 0.0526897
12 0.052596
12.1 0.0524813
12.2 0.0523453
12.3 0.052188
12.4 0.0520092
12.5 0.051809
12.6 0.0515875
12.7 0.0513448
12.8 0.0510811
12.9 0.0507968
13 0.0504921
13.1 0.0501675
13.2 0.0498235
13.3 0.0494605
13.4 0.0490791
13.5 0.04868
13.6 0.0482638
13.7 0.0478312
13.8 0.0473828
13.9 0.0469193
14 0.0464417
14.1 0.0459504
14.2 0.0454464
14.3 0.0449304
14.4 0.0444031
14.5 0.0438653
14.6 0.0433176
14.7 0.0427608
14.8 0.0421955
14.9 0.0416224
15 0.0410422
15.1 0.0404554
15.2 0.0398626
15.3 0.0392643
15.4 0.0386611
15.5 0.0380535
15.6 0.0374418
15.7 0.0368266
15.8 0.0362083
15.9 0.0355873
16 0.0349639
16.1 0.0343384
16.2 0.0337114
16.3 0.033083
16.4 0.0324536
16.5 0.0318236
16.6 0.0311933
16.7 0.0305631
16.8 0.0299332
16.9 0.0293041
17 0.028676
17.1 0.0280495
17.2 0.0274248
17.3 0.0268024
17.4 0.0261828
17.5 0.0255662
17.6 0.0249533
17.7 0.0243445
17.8 0.0237403
17.9 0.0231411
18 0.0225475
18.1 0.0219601
18.2 0.0213793
18.3 0.0208057
18.4 0.0202399
18.5 0.0196823
18.6 0.0191336
18.7 0.0185942
18.8 0.0180648
18.9 0.0175458
19 0.0170377
19.1 0.016541
19.2 0.0160562
19.3 0.0155837
19.4 0.015124
19.5 0.0146774
19.6 0.0142443
19.7 0.013825
19.8 0.0134199
19.9 0.0130292
20 0.0126532
20.1 0.012292
20.2 0.0119458
20.3 0.0116148
20.4 0.0112991
20.5 0.0109986
20.6 0.0107136
20.7 0.0104439
20.8 0.0101895
20.9 0.00995047
21 0.00972662
21.1 0.00951787
21.2 0.00932411
21.3 0.00914517
21.4 0.00898088
21.5 0.00883107
21.6 0.00869552
21.7 0.00857402
21.8 0.00846634
21.9 0.00837223
22 0.00829144
22.1 0.00822372
22.2 0.0081688
22.3 0.00812639
22.4 0.00809623
22.5 0.00807803
22.6 0.00807151
22.7 0.00807637
22.8 0.00809233
22.9 0.00811909
23 0.00815635
23.1 0.00820381
23.2 0.00826118
23.3 0.00832814
23.4 0.00840439
23.5 0.00848963
23.6 0.00858353
23.7 0.00868579
23.8 0.00879608
23.9 0.00891407
24 0.00903945
24.1 0.00917187
24.2 0.00931101
24.3 0.0094565
24.4 0.00960802
24.5 0.00976519
24.6 0.00992766
24.7 0.0100951
24.8 0.010267
24.9 0.0104431
25 0.010623
25.1 0.0108063
25.2 0.0109926
25.3 0.0111815
25.4 0.0113725
25.5 0.0115653
25.6 0.0117594
25.7 0.0119543
25.8 0.0121497
25.9 0.0123451
26 0.0125401
26.1 0.0127341
26.2 0.0129268
26.3 0.0131177
26.4 0.0133063
26.5 0.0134922
26.6 0.0136749
26.7 0.013854
26.8 0.0140291
26.9 0.0141997
27 0.0143653
27.1 0.0145257
27.2 0.0146803
27.3 0.0148289
27.4 0.014971
27.5 0.0151064
27.6 0.0152346
27.7 0.0153556
27.8 0.0154689
27.9 0.0155743
28 0.0156717
28.1 0.015761
28.2 0.0158419
28.3 0.0159145
28.4 0.0159786
28.5 0.0160343
28.6 0.0160817
28.7 0.0161208
28.8 0.0161517
28.9 0.0161746
29 0.0161897
29.1 0.0161972
29.2 0.0161975
29.3 0.0161909
29.4 0.0161776
29.5 0.0161581
29.6 0.0161328
29.7 0.0161022
29.8 0.0160666
29.9 0.0160265
30 0.0159824
30.1 0.0159349
30.2 0.0158843
30.3 0.0158313
30.4 0.0157762
30.5 0.0157197
30.6 0.0156621
30.7 0.015604
30.8 0.0155457
30.9 0.0154879
31 0.0154307
31.1 0.0153747
31.2 0.0153203
31.3 0.0152676
31.4 0.0152172
31.5 0.0151693
31.6 0.015124
31.7 0.0150818
31.8 0.0150427
31.9 0.015007
32 0.0149747
32.1 0.0149462
32.2 0.0149213
32.3 0.0149004
32.4 0.0148833
32.5 0.0148702
32.6 0.014861
32.7 0.0148559
32.8 0.0148548
32.9 0.0148577
33 0.0148646
33.1 0.0148754
33.2 0.0148902
33.3 0.0149088
33.4 0.0149313
33.5 0.0149575
33.6 0.0149875
33.7 0.0150211
33.8 0.0150582
33.9 0.0150988
34 0.0151427
34.1 0.0151899
34.2 0.0152403
34.3 0.0152936
34.4 0.0153498
34.5 0.0154087
34.6 0.0154701
34.7 0.0155338
34.8 0.0155996
34.9 0.0156673
35 0.0157365
35.1 0.0158071
35.2 0.0158788
35.3 0.0159511
35.4 0.0160238
35.5 0.0160965
35.6 0.0161688
35.7 0.0162403
35.8 0.0163106
35.9 0.0163792
36 0.0164457
36.1 0.0165095
36.2 0.0165702
36.3 0.0166273
36.4 0.0166802
36.5 0.0167285
36.6 0.0167716
36.7 0.016809
36.8 0.0168401
36.9 0.0168645
37 0.0168817
37.1 0.016891
37.2 0.0168922
37.3 0.0168846
37.4 0.0168679
37.5 0.0168417
37.6 0.0168056
37.7 0.0167592
37.8 0.0167022
37.9 0.0166344
38 0.0165555
38.1 0.0164653
38.2 0.0163638
38.3 0.0162507
38.4 0.0161262
38.5 0.0159901
38.6 0.0158425
38.7 0.0156836
38.8 0.0155134
38.9 0.0153323
39 0.0151404
39.1 0.0149381
39.2 0.0147258
39.3 0.0145037
39.4 0.0142724
39.5 0.0140323
39.6 0.013784
39.7 0.0135279
39.8 0.0132647
39.9 0.0129949
40 0.0127193
40.1 0.0124383
40.2 0.0121527
40.3 0.0118631
40.4 0.0115702
40.5 0.0112746
40.6 0.0109769
40.7 0.010678
40.8 0.0103783
40.9 0.0100785
41 0.00977925
41.1 0.00948109
41.2 0.00918459
41.3 0.00889029
41.4 0.00859871
41.5 0.00831033
41.6 0.0080256
41.7 0.00774493
41.8 0.00746871
41.9 0.0071973
42 0.00693102
42.1 0.00667014
42.2 0.00641493
42.3 0.00616559
42.4 0.00592232
42.5 0.00568526
42.6 0.00545455
42.7 0.00523028
42.8 0.00501251
42.9 0.00480128
43 0.00459661
43.1 0.00439848
43.2 0.00420687
43.3 0.00402172
43.4 0.00384297
43.5 0.00367053
43.6 0.00350429
43.7 0.00334414
43.8 0.00318995
43.9 0.0030416
44 0.00289893
44.1 0.00276179
44.2 0.00263003
44.3 0.00250349
44.4 0.002382
44.5 0.00226541
44.6 0.00215355
44.7 0.00204625
44.8 0.00194336
44.9 0.00184472
45 0.00175018
45.1 0.00165958
45.2 0.00157278
45.3 0.00148963
45.4 0.00141002
45.5 0.00133379
45.6 0.00126084
45.7 0.00119103
45.8 0.00112427
45.9 0.00106044
46 0.000999431
46.1 0.000941157
46.2 0.000885521
46.3 0.000832435
46.4 0.000781815
46.5 0.000733581
46.6 0.000687653
46.7 0.00064396
46.8 0.000602428
46.9 0.000562989
47 0.000525574
47.1 0.000490118
47.2 0.000456558
47.3 0.000424829
47.4 0.000394869
47.5 0.000366617
47.6 0.00034001
47.7 0.000314991
47.8 0.000291499
47.9 0.000269475
48 0.000248858
48.1 0.000229593
48.2 0.00021162
48.3 0.000194882
48.4 0.000179324
48.5 0.000164888
48.6 0.000151521
48.7 0.000139168
48.8 0.000127776
48.9 0.000117293
49 0.00010767
49.1 9.88553e-05
49.2 9.08023e-05
49.3 8.34648e-05
49.4 7.67975e-05
49.5 7.07564e-05
49.6 6.52998e-05
49.7 6.03877e-05
49.8 5.59812e-05
49.9 5.20427e-05
50 4.85367e-05
50.1 4.54292e-05
50.2 4.26875e-05
50.3 4.02808e-05
50.4 3.81793e-05
50.5 3.63556e-05
50.6 3.47826e-05
50.7 3.34345e-05
50.8 3.22876e-05
50.9 3.13192e-05
51 3.05073e-05
51.1 2.98323e-05
51.2 2.9275e-05
51.3 2.88178e-05
51.4 2.84435e-05
51.5 2.81369e-05
51.6 2.78833e-05
51.7 2.76698e-05
51.8 2.7484e-05
51.9 2.73145e-05
52 2.71517e-05
52.1 2.69862e-05
52.2 2.68103e-05
52.3 2.6617e-05
52.4 2.64004e-05
52.5 2.61551e-05
52.6 2.58773e-05
52.7 2.55638e-05
52.8 2.52118e-05
52.9 2.48203e-05
53 2.43885e-05
53.1 2.39165e-05
53.2 2.34047e-05
53.3 2.28544e-05
53.4 2.22676e-05
53.5 2.16465e-05
53.6 2.09938e-05
53.7 2.03125e-05
53.8 1.96061e-05
53.9 1.88781e-05
54 1.81326e-05
54.1 1.73733e-05
54.2 1.66041e-05
54.3 1.5829e-05
54.4 1.50515e-05
54.5 1.42759e-05
54.6 1.35051e-05
54.7 1.27434e-05
54.8 1.19936e-05
54.9 1.12583e-05
55 1.05411e-05
55.1 9.84381e-06
55.2 9.16858e-06
55.3 8.51727e-06
55.4 7.89168e-06
55.5 7.29279e-06
55.6 6.72174e-06
55.7 6.17913e-06
55.8 5.66538e-06
55.9 5.18068e-06
56 4.72491e-06
56.1 4.29795e-06
56.2 3.89927e-06
56.3 3.52824e-06
56.4 3.1841e-06
56.5 2.86594e-06
56.6 2.57277e-06
56.7 2.30348e-06
56.8 2.05694e-06
56.9 1.83194e-06
57 1.62723e-06
57.1 1.44159e-06
57.2 1.27374e-06
57.3 1.12247e-06
57.4 9.86548e-07
57.5 8.6471e-07
57.6 7.55997e-07
57.7 6.59204e-07
57.8 5.73283e-07
57.9 4.97243e-07
58 4.30148e-07
58.1 3.71123e-07
58.2 3.1935e-07
58.3 2.74073e-07
58.4 2.34593e-07
58.5 2.0027e-07
58.6 1.70516e-07
58.7 1.44798e-07
58.8 1.22634e-07
58.9 1.03588e-07
59 8.7269e-08
59.1 7.33262e-08
59.2 6.1448e-08
59.3 5.13578e-08
59.4 4.2811e-08
59.5 3.55921e-08
59.6 2.95123e-08
59.7 2.44063e-08
59.8 2.01303e-08
59.9 1.65595e-08
60 1.35862e-08
60.1 1.11172e-08
60.2 9.07284e-09
60.3 7.38484e-09
60.4 5.995e-09
60.5 4.85386e-09
60.6 3.91955e-09
60.7 3.1567e-09
60.8 2.53561e-09
60.9 2.03133e-09
61 1.62303e-09
61.1 1.29338e-09
61.2 1.02795e-09
61.3 8.14837e-10
61.4 6.44196e-10
61.5 5.07944e-10
61.6 3.99451e-10
61.7 3.133e-10
61.8 2.4508e-10
61.9 1.91208e-10
62 1.48783e-10
62.1 1.15465e-10
62.2 0
62.3 0
62.4 0
62.5 0
62.6 0
62.7 0
62.8 0
62.9 0
63 0
63.1 0
63.2 0
63.3 0
63.4 0
63.5 0
63.6 0
63.7 0
63.8 0
63.9 0
64 0
64.1 0
64.2 0
64.3 0
64.4 0
64.5 0
64.6 0
64.7 0
64.8 0
64.9 0
65 0
65.1 0
65.2 0
65.3 0
65.4 0
65.5 0
65.6 0
65.7 0
65.8 0
65.9 0
66 0
66.1 0
66.2 0
66.3 0
66.4 0
66.5 0
66.6 0
66.7 0
66.8 0
66.9 0
67 0
67.1 0
67.2 0
67.3 0
67.4 1.01475e-10
67.5 1.30931e-10
67.6 1.68491e-10
67.7 2.16252e-10
67.8 2.76818e-10
67.9 3.5341e-10
68 4.5e-10
68.1 5.71473e-10
68.2 7.23819e-10
68.3 9.14352e-10
68.4 1.15199e-09
68.5 1.44754e-09
68.6 1.81411e-09
68.7 2.2675e-09
68.8 2.82671e-09
68.9 3.5145e-09
69 4.3581e-09
69.1 5.3899e-09
69.2 6.64835e-09
69.3 8.17893e-09
69.4 1.00353e-08
69.5 1.22804e-08
69.6 1.49881e-08
69.7 1.82444e-08
69.8 2.21494e-08
69.9 2.68191e-08
70 3.23875e-08
70.1 3.90085e-08
70.2 4.68589e-08
70.3 5.61403e-08
70.4 6.70822e-08
70.5 7.99447e-08
70.6 9.50215e-08
70.7 1.12643e-07
70.8 1.33179e-07
70.9 1.57043e-07
71 1.84693e-07
71.1 2.16637e-07
71.2 2.53434e-07
71.3 2.95697e-07
71.4 3.44096e-07
71.5 3.99357e-07
71.6 4.62267e-07
71.7 5.33672e-07
71.8 6.14478e-07
71.9 7.05648e-07
72 8.08201e-07
72.1 9.23211e-07
72.2 1.0518e-06
72.3 1.19513e-06
72.4 1.3544e-06
72.5 1.53083e-06
72.6 1.72567e-06
72.7 1.94017e-06
72.8 2.17556e-06
72.9 2.43305e-06
73 2.71383e-06
73.1 3.019e-06
73.2 3.34961e-06
73.3 3.7066e-06
73.4 4.09078e-06
73.5 4.50285e-06
73.6 4.94331e-06
73.7 5.41251e-06
73.8 5.91057e-06
73.9 6.43739e-06
74 6.99263e-06
74.1 7.57567e-06
74.2 8.18562e-06
74.3 8.82128e-06
74.4 9.48117e-06
74.5 1.01635e-05
74.6 1.08661e-05
74.7 1.15865e-05
74.8 1.2322e-05
74.9 1.30696e-05
75 1.38259e-05
75.1 1.45872e-05
75.2 1.53498e-05
75.3 1.61095e-05
75.4 1.68621e-05
75.5 1.76032e-05
75.6 1.83283e-05
75.7 1.90327e-05
75.8 1.9712e-05
75.9 2.03615e-05
76 2.09768e-05
76.1 2.15536e-05
76.2 2.20876e-05
76.3 2.2575e-05
76.4 2.30121e-05
76.5 2.33957e-05
76.6 2.37227e-05
76.7 2.39908e-05
76.8 2.41976e-05
76.9 2.43418e-05
77 2.4422e-05
77.1 2.44377e-05
77.2 2.43887e-05
77.3 2.42754e-05
77.4 2.40988e-05
77.5 2.38602e-05
77.6 2.35615e-05
77.7 2.3205e-05
77.8 2.27934e-05
77.9 2.233e-05
78 2.18181e-05
78.1 2.12616e-05
78.2 2.06644e-05
78.3 2.00309e-05
78.4 1.93655e-05
78.5 1.86727e-05
78.6 1.79571e-05
78.7 1.72232e-05
78.8 1.64756e-05
78.9 1.57188e-05
79 1.49571e-05
79.1 1.41947e-05
79.2 1.34355e-05
79.3 1.26832e-05
79.4 1.19415e-05
79.5 1.12133e-05
79.6 1.05018e-05
79.7 9.80935e-06
79.8 9.13835e-06
79.9 8.49073e-06
80 7.86814e-06
80.1 7.27192e-06
80.2 6.70311e-06
80.3 6.16245e-06
80.4 5.65042e-06
80.5 5.16723e-06
80.6 4.71286e-06
80.7 4.28708e-06
80.8 3.88945e-06
80.9 3.51937e-06
81 3.17608e-06
81.1 2.8587e-06
81.2 2.56623e-06
81.3 2.29758e-06
81.4 2.05162e-06
81.5 1.82715e-06
81.6 1.62293e-06
81.7 1.43773e-06
81.8 1.27029e-06
81.9 1.11938e-06
82 9.83797e-07
82.1 8.62346e-07
82.2 7.5389e-07
82.3 6.5733e-07
82.4 5.71623e-07
82.5 4.95776e-07
82.6 4.28856e-07
82.7 3.69988e-07
82.8 3.18356e-07
82.9 2.73205e-07
83 2.33838e-07
