-5 1.80495e-06
-4.9 2.24489e-06
-4.8 2.78274e-06
-4.7 3.43781e-06
-4.6 4.2329e-06
-4.5 5.19461e-06
-4.4 6.35373e-06
-4.3 7.74675e-06
-4.2 9.41347e-06
-4.1 1.14017e-05
-4 1.37652e-05
-3.9 1.65646e-05
-3.8 1.98691e-05
-3.7 2.37566e-05
-3.6 2.83145e-05
-3.5 3.36401e-05
-3.4 3.98414e-05
-3.3 4.70381e-05
-3.2 5.53607e-05
-3.1 6.49538e-05
-3 7.59743e-05
-2.9 8.85928e-05
-2.8 0.000102992
-2.7 0.000119369
-2.6 0.000137934
-2.5 0.000158911
-2.4 0.000182537
-2.3 0.000209058
-2.2 0.000238735
-2.1 0.000271837
-2 0.000308643
-1.9 0.000349438
-1.8 0.000394513
-1.7 0.000444165
-1.6 0.000498689
-1.5 0.000558384
-1.4 0.000623544
-1.3 0.000694458
-1.2 0.000771409
-1.1 0.000854671
-1 0.000944503
-0.9 0.00104115
-0.8 0.00114485
-0.7 0.00125581
-0.6 0.00137422
-0.5 0.00150025
-0.4 0.00163405
-0.3 0.00177574
-0.2 0.00192541
-0.1 0.00208313
-1.02696e-15 0.00224894
0.1 0.00242287
0.2 0.0026049
0.3 0.00279499
0.4 0.00299308
0.5 0.00319908
0.6 0.00341289
0.7 0.00363437
0.8 0.00386336
0.9 0.0040997
1 0.00434319
1.1 0.00459363
1.2 0.00485079
1.3 0.00511444
1.4 0.00538433
1.5 0.0056602
1.6 0.00594178
1.7 0.00622879
1.8 0.00652095
1.9 0.00681797
2 0.00711956
2.1 0.00742541
2.2 0.00773522
2.3 0.00804869
2.4 0.00836551
2.5 0.00868538
2.6 0.00900797
2.7 0.009333
2.8 0.00966016
2.9 0.00998915
3 0.0103197
3.1 0.0106514
3.2 0.0109842
3.3 0.0113176
3.4 0.0116514
3.5 0.0119855
3.6 0.0123194
3.7 0.0126531
3.8 0.0129862
3.9 0.0133186
4 0.0136501
4.1 0.0139805
4.2 0.0143097
4.3 0.0146376
4.4 0.0149639
4.5 0.0152887
4.6 0.0156117
4.7 0.015933
4.8 0.0162525
4.9 0.0165702
5 0.016886
5.1 0.0171999
5.2 0.0175119
5.3 0.0178221
5.4 0.0181303
5.5 0.0184368
5.6 0.0187415
5.7 0.0190445
5.8 0.0193458
5.9 0.0196454
6 0.0199435
6.1 0.0202401
6.2 0.0205353
6.3 0.0208291
6.4 0.0211216
6.5 0.0214128
6.6 0.0217029
6.7 0.0219918
6.8 0.0222795
6.9 0.0225663
7 0.022852
7.1 0.0231367
7.2 0.0234204
7.3 0.0237031
7.4 0.0239849
7.5 0.0242657
7.6 0.0245455
7.7 0.0248243
7.8 0.0251021
7.9 0.0253788
8 0.0256544
8.1 0.0259289
8.2 0.0262022
8.3 0.0264743
8.4 0.0267451
8.5 0.0270145
8.6 0.0272826
8.7 0.0275491
8.8 0.027814
8.9 0.0280773
9 0.0283389
9.1 0.0285986
9.2 0.0288564
9.3 0.0291122
9.4 0.0293658
9.5 0.0296172
9.6 0.0298661
9.7 0.0301125
9.8 0.0303561
9.9 0.0305969
10 0.0308346
10.1 0.031069
10.2 0.0313
10.3 0.0315273
10.4 0.0317507
10.5 0.0319699
10.6 0.0321847
10.7 0.0323949
10.8 0.0326001
10.9 0.0328002
11 0.0329947
11.1 0.0331836
11.2 0.0333664
11.3 0.033543
11.4 0.0337131
11.5 0.0338765
11.6 0.0340329
11.7 0.0341821
11.8 0.034324
11.9 0.0344583
12 0.034585
12.1 0.0347039
12.2 0.034815
12.3 0.0349181
12.4 0.0350134
12.5 0.0351006
12.6 0.03518
12.7 0.0352515
12.8 0.0353153
12.9 0.0353715
13 0.0354201
13.1 0.0354615
13.2 0.0354958
13.3 0.0355232
13.4 0.035544
13.5 0.0355584
13.6 0.0355666
13.7 0.035569
13.8 0.0355658
13.9 0.0355573
14 0.0355439
14.1 0.0355256
14.2 0.035503
14.3 0.0354761
14.4 0.0354452
14.5 0.0354105
14.6 0.0353723
14.7 0.0353307
14.8 0.0352859
14.9 0.0352379
15 0.0351869
15.1 0.0351329
15.2 0.0350759
15.3 0.035016
15.4 0.0349531
15.5 0.0348872
15.6 0.0348182
15.7 0.0347459
15.8 0.0346703
15.9 0.0345912
16 0.0345084
16.1 0.0344218
16.2 0.0343313
16.3 0.0342366
16.4 0.0341376
16.5 0.0340342
16.6 0.0339262
16.7 0.0338136
16.8 0.0336962
16.9 0.0335739
17 0.0334468
17.1 0.0333148
17.2 0.0331779
17.3 0.0330363
17.4 0.03289
17.5 0.0327391
17.6 0.0325837
17.7 0.0324241
17.8 0.0322605
17.9 0.0320931
18 0.031922
18.1 0.0317476
18.2 0.0315702
18.3 0.03139
18.4 0.0312072
18.5 0.0310222
18.6 0.0308352
18.7 0.0306464
18.8 0.0304561
18.9 0.0302645
19 0.0300718
19.1 0.0298782
19.2 0.0296839
19.3 0.029489
19.4 0.0292936
19.5 0.0290977
19.6 0.0289016
19.7 0.0287053
19.8 0.0285087
19.9 0.028312
20 0.0281151
20.1 0.0279181
20.2 0.0277209
20.3 0.0275237
20.4 0.0273264
20.5 0.027129
20.6 0.0269315
20.7 0.026734
20.8 0.0265365
20.9 0.026339
21 0.0261417
21.1 0.0259446
21.2 0.0257478
21.3 0.0255514
21.4 0.0253556
21.5 0.0251605
21.6 0.0249662
21.7 0.024773
21.8 0.0245809
21.9 0.0243902
22 0.024201
22.1 0.0240136
22.2 0.0238281
22.3 0.0236447
22.4 0.0234636
22.5 0.023285
22.6 0.023109
22.7 0.0229357
22.8 0.0227654
22.9 0.022598
23 0.0224338
23.1 0.0222727
23.2 0.0221149
23.3 0.0219603
23.4 0.021809
23.5 0.0216609
23.6 0.0215161
23.7 0.0213744
23.8 0.0212358
23.9 0.0211003
24 0.0209677
24.1 0.0208378
24.2 0.0207107
24.3 0.0205861
24.4 0.0204639
24.5 0.020344
24.6 0.0202262
24.7 0.0201103
24.8 0.0199963
24.9 0.019884
25 0.0197732
25.1 0.0196639
25.2 0.0195559
25.3 0.0194491
25.4 0.0193434
25.5 0.0192388
25.6 0.0191352
25.7 0.0190324
25.8 0.0189306
25.9 0.0188297
26 0.0187296
26.1 0.0186303
26.2 0.0185319
26.3 0.0184344
26.4 0.0183378
26.5 0.0182422
26.6 0.0181476
26.7 0.018054
26.8 0.0179616
26.9 0.0178704
27 0.0177805
27.1 0.017692
27.2 0.0176049
27.3 0.0175194
27.4 0.0174356
27.5 0.0173535
27.6 0.0172733
27.7 0.0171951
27.8 0.0171189
27.9 0.017045
28 0.0169733
28.1 0.0169041
28.2 0.0168373
28.3 0.0167733
28.4 0.0167119
28.5 0.0166534
28.6 0.0165979
28.7 0.0165455
28.8 0.0164963
28.9 0.0164504
29 0.016408
29.1 0.016369
29.2 0.0163338
29.3 0.0163023
29.4 0.0162746
29.5 0.0162509
29.6 0.0162313
29.7 0.0162158
29.8 0.0162047
29.9 0.0161979
30 0.0161955
30.1 0.0161976
30.2 0.0162044
30.3 0.0162159
30.4 0.0162321
30.5 0.0162531
30.6 0.016279
30.7 0.0163097
30.8 0.0163454
30.9 0.016386
31 0.0164315
31.1 0.016482
31.2 0.0165373
31.3 0.0165974
31.4 0.0166623
31.5 0.0167319
31.6 0.016806
31.7 0.0168846
31.8 0.0169675
31.9 0.0170545
32 0.0171455
32.1 0.0172403
32.2 0.0173387
32.3 0.0174404
32.4 0.0175452
32.5 0.017653
32.6 0.0177633
32.7 0.017876
32.8 0.0179908
32.9 0.0181074
33 0.0182257
33.1 0.0183452
33.2 0.0184658
33.3 0.0185873
33.4 0.0187093
33.5 0.0188316
33.6 0.0189541
33.7 0.0190765
33.8 0.0191986
33.9 0.0193201
34 0.019441
34.1 0.0195611
34.2 0.0196801
34.3 0.019798
34.4 0.0199145
34.5 0.0200295
34.6 0.0201429
34.7 0.0202545
34.8 0.0203642
34.9 0.0204718
35 0.0205772
35.1 0.0206802
35.2 0.0207807
35.3 0.0208785
35.4 0.0209734
35.5 0.0210652
35.6 0.0211538
35.7 0.0212389
35.8 0.0213203
35.9 0.0213978
36 0.0214712
36.1 0.0215402
36.2 0.0216045
36.3 0.021664
36.4 0.0217184
36.5 0.0217673
36.6 0.0218106
36.7 0.021848
36.8 0.0218792
36.9 0.021904
37 0.021922
37.1 0.0219332
37.2 0.0219373
37.3 0.021934
37.4 0.0219232
37.5 0.0219046
37.6 0.0218782
37.7 0.0218438
37.8 0.0218014
37.9 0.0217507
38 0.0216919
38.1 0.0216248
38.2 0.0215495
38.3 0.021466
38.4 0.0213744
38.5 0.0212748
38.6 0.0211674
38.7 0.0210522
38.8 0.0209296
38.9 0.0207997
39 0.0206627
39.1 0.020519
39.2 0.0203689
39.3 0.0202125
39.4 0.0200503
39.5 0.0198825
39.6 0.0197096
39.7 0.0195319
39.8 0.0193496
39.9 0.0191632
40 0.018973
40.1 0.0187793
40.2 0.0185825
40.3 0.0183828
40.4 0.0181807
40.5 0.0179763
40.6 0.0177699
40.7 0.0175618
40.8 0.0173523
40.9 0.0171416
41 0.0169299
41.1 0.0167173
41.2 0.0165041
41.3 0.0162904
41.4 0.0160764
41.5 0.0158623
41.6 0.015648
41.7 0.0154338
41.8 0.0152198
41.9 0.0150059
42 0.0147925
42.1 0.0145794
42.2 0.0143667
42.3 0.0141546
42.4 0.0139431
42.5 0.0137323
42.6 0.0135221
42.7 0.0133126
42.8 0.0131039
42.9 0.012896
43 0.012689
43.1 0.0124828
43.2 0.0122775
43.3 0.0120731
43.4 0.0118696
43.5 0.0116671
43.6 0.0114655
43.7 0.0112649
43.8 0.0110652
43.9 0.0108665
44 0.0106688
44.1 0.0104721
44.2 0.0102763
44.3 0.0100816
44.4 0.00988779
44.5 0.00969502
44.6 0.00950326
44.7 0.00931252
44.8 0.00912281
44.9 0.00893415
45 0.00874657
45.1 0.0085601
45.2 0.00837477
45.3 0.00819062
45.4 0.00800768
45.5 0.00782602
45.6 0.00764568
45.7 0.00746673
45.8 0.00728922
45.9 0.00711322
46 0.0069388
46.1 0.00676603
46.2 0.00659498
46.3 0.00642573
46.4 0.00625835
46.5 0.00609292
46.6 0.00592951
46.7 0.00576819
46.8 0.00560903
46.9 0.00545211
47 0.00529747
47.1 0.0051452
47.2 0.00499534
47.3 0.00484795
47.4 0.00470308
47.5 0.00456077
47.6 0.00442109
47.7 0.00428405
47.8 0.00414971
47.9 0.00401809
48 0.00388923
48.1 0.00376315
48.2 0.00363988
48.3 0.00351943
48.4 0.00340183
48.5 0.00328709
48.6 0.00317522
48.7 0.00306624
48.8 0.00296014
48.9 0.00285693
49 0.00275661
49.1 0.00265917
49.2 0.0025646
49.3 0.00247289
49.4 0.00238402
49.5 0.00229796
49.6 0.00221468
49.7 0.00213416
49.8 0.00205635
49.9 0.00198122
50 0.0019087
50.1 0.00183875
50.2 0.00177131
50.3 0.00170632
50.4 0.00164371
50.5 0.00158341
50.6 0.00152535
50.7 0.00146945
50.8 0.00141565
50.9 0.00136385
51 0.00131398
51.1 0.00126596
51.2 0.00121971
51.3 0.00117516
51.4 0.00113222
51.5 0.00109082
51.6 0.0010509
51.7 0.00101237
51.8 0.000975172
51.9 0.000939246
52 0.000904527
52.1 0.00087096
52.2 0.000838491
52.3 0.00080707
52.4 0.00077665
52.5 0.00074719
52.6 0.000718649
52.7 0.000690992
52.8 0.000664185
52.9 0.000638197
53 0.000613
53.1 0.000588568
53.2 0.000564877
53.3 0.000541904
53.4 0.00051963
53.5 0.000498034
53.6 0.000477098
53.7 0.000456805
53.8 0.000437139
53.9 0.000418083
54 0.000399622
54.1 0.000381742
54.2 0.000364428
54.3 0.000347667
54.4 0.000331444
54.5 0.000315748
54.6 0.000300565
54.7 0.000285884
54.8 0.000271693
54.9 0.000257981
55 0.000244739
55.1 0.000231956
55.2 0.000219623
55.3 0.000207733
55.4 0.000196278
55.5 0.00018525
55.6 0.000174643
55.7 0.000164452
55.8 0.00015467
55.9 0.000145292
56 0.000136313
56.1 0.000127729
56.2 0.000119535
56.3 0.000111724
56.4 0.000104293
56.5 9.72355e-05
56.6 9.05453e-05
56.7 8.4216e-05
56.8 7.82403e-05
56.9 7.26102e-05
57 6.73177e-05
57.1 6.23537e-05
57.2 5.77079e-05
57.3 5.33697e-05
57.4 4.93281e-05
57.5 4.55715e-05
57.6 4.20876e-05
57.7 3.88637e-05
57.8 3.58872e-05
57.9 3.31448e-05
58 3.06238e-05
58.1 2.8311e-05
58.2 2.61935e-05
58.3 2.42588e-05
58.4 2.24948e-05
58.5 2.08895e-05
58.6 1.94318e-05
58.7 1.81108e-05
58.8 1.69165e-05
58.9 1.58394e-05
59 1.48706e-05
59.1 1.40022e-05
59.2 1.32264e-05
59.3 1.25361e-05
59.4 1.19251e-05
59.5 1.13872e-05
59.6 1.09171e-05
59.7 1.05095e-05
59.8 1.016e-05
59.9 9.86385e-06
60 9.61686e-06
60.1 9.41473e-06
60.2 9.25376e-06
60.3 9.12989e-06
60.4 9.03923e-06
60.5 8.97797e-06
60.6 8.94217e-06
60.7 8.92802e-06
60.8 8.93172e-06
60.9 8.9493e-06
61 8.97699e-06
61.1 9.01098e-06
61.2 9.04764e-06
61.3 9.08338e-06
61.4 9.11477e-06
61.5 9.13866e-06
61.6 9.15201e-06
61.7 9.15207e-06
61.8 9.13644e-06
61.9 9.10299e-06
62 9.04998e-06
62.1 8.976e-06
62.2 8.88011e-06
62.3 8.76168e-06
62.4 8.62053e-06
62.5 8.45688e-06
62.6 8.27119e-06
62.7 8.06433e-06
62.8 7.83751e-06
62.9 7.5922e-06
63 7.33011e-06
63.1 7.05318e-06
63.2 6.76338e-06
63.3 6.46317e-06
63.4 6.15466e-06
63.5 5.84024e-06
63.6 5.52222e-06
63.7 5.2029e-06
63.8 4.88443e-06
63.9 4.56889e-06
64 4.25828e-06
64.1 3.95436e-06
64.2 3.65874e-06
64.3 3.37285e-06
64.4 3.09791e-06
64.5 2.83494e-06
64.6 2.58476e-06
64.7 2.34797e-06
64.8 2.12506e-06
64.9 1.91622e-06
65 1.72152e-06
65.1 1.5409e-06
65.2 1.37415e-06
65.3 1.22094e-06
65.4 1.08084e-06
65.5 9.53313e-07
65.6 8.37787e-07
65.7 7.3362e-07
65.8 6.40138e-07
65.9 5.56647e-07
66 4.82447e-07
66.1 4.16841e-07
66.2 3.59148e-07
66.3 3.08714e-07
66.4 2.64952e-07
66.5 2.27199e-07
66.6 1.95001e-07
66.7 1.67845e-07
66.8 1.45306e-07
66.9 1.27017e-07
67 1.12677e-07
67.1 1.0205e-07
67.2 9.49657e-08
67.3 9.13285e-08
67.4 9.11143e-08
67.5 9.43757e-08
67.6 1.01244e-07
67.7 1.11933e-07
67.8 1.26741e-07
67.9 1.46053e-07
68 1.70348e-07
68.1 2.00197e-07
68.2 2.36269e-07
68.3 2.79332e-07
68.4 3.30256e-07
68.5 3.90012e-07
68.6 4.59675e-07
68.7 5.40419e-07
68.8 6.33516e-07
68.9 7.40365e-07
69 8.62361e-07
69.1 1.00106e-06
69.2 1.15804e-06
69.3 1.33496e-06
69.4 1.53347e-06
69.5 1.75528e-06
69.6 2.00203e-06
69.7 2.27536e-06
69.8 2.57683e-06
69.9 2.9079e-06
70 3.26989e-06
70.1 3.66394e-06
70.2 4.09102e-06
70.3 4.55178e-06
70.4 5.04674e-06
70.5 5.57595e-06
70.6 6.13918e-06
70.7 6.73585e-06
70.8 7.36493e-06
70.9 8.02503e-06
71 8.71427e-06
71.1 9.43038e-06
71.2 1.01706e-05
71.3 1.09319e-05
71.4 1.17106e-05
71.5 1.25027e-05
71.6 1.3304e-05
71.7 1.41098e-05
71.8 1.49153e-05
71.9 1.57154e-05
72 1.65048e-05
72.1 1.72782e-05
72.2 1.80303e-05
72.3 1.87559e-05
72.4 1.94498e-05
72.5 2.01071e-05
72.6 2.07233e-05
72.7 2.12941e-05
72.8 2.18158e-05
72.9 2.22849e-05
73 2.26987e-05
73.1 2.30549e-05
73.2 2.3352e-05
73.3 2.35889e-05
73.4 2.37653e-05
73.5 2.38815e-05
73.6 2.39382e-05
73.7 2.39371e-05
73.8 2.38802e-05
73.9 2.377e-05
74 2.36095e-05
74.1 2.34023e-05
74.2 2.3152e-05
74.3 2.28627e-05
74.4 2.25387e-05
74.5 2.21843e-05
74.6 2.1804e-05
74.7 2.1402e-05
74.8 2.09827e-05
74.9 2.05502e-05
75 2.01083e-05
75.1 1.96607e-05
75.2 1.92105e-05
75.3 1.87608e-05
75.4 1.83138e-05
75.5 1.78718e-05
75.6 1.74364e-05
75.7 1.70088e-05
75.8 1.65898e-05
75.9 1.61798e-05
76 1.57789e-05
76.1 1.53867e-05
76.2 1.50026e-05
76.3 1.46259e-05
76.4 1.42555e-05
76.5 1.38901e-05
76.6 1.35285e-05
76.7 1.31693e-05
76.8 1.28113e-05
76.9 1.24531e-05
77 1.20935e-05
77.1 1.17316e-05
77.2 1.13664e-05
77.3 1.09973e-05
77.4 1.06237e-05
77.5 1.02456e-05
77.6 9.86276e-06
77.7 9.47557e-06
77.8 9.08446e-06
77.9 8.69008e-06
78 8.29333e-06
78.1 7.89524e-06
78.2 7.497e-06
78.3 7.09991e-06
78.4 6.70535e-06
78.5 6.31477e-06
78.6 5.92962e-06
78.7 5.55135e-06
78.8 5.18136e-06
78.9 4.821e-06
79 4.4715e-06
79.1 4.134e-06
79.2 3.80952e-06
79.3 3.49891e-06
79.4 3.20289e-06
79.5 2.92202e-06
79.6 2.6567e-06
79.7 2.40717e-06
79.8 2.17352e-06
79.9 1.95572e-06
80 1.75357e-06
80.1 1.56677e-06
80.2 1.3949e-06
80.3 1.23747e-06
80.4 1.09388e-06
80.5 9.63489e-07
80.6 8.45583e-07
80.7 7.39426e-07
80.8 6.44255e-07
80.9 5.59297e-07
81 4.83776e-07
81.1 4.16928e-07
81.2 3.57978e-07
81.3 3.06235e-07
81.4 2.61041e-07
81.5 2.217e-07
81.6 1.87596e-07
81.7 1.58154e-07
81.8 1.32842e-07
81.9 1.1117e-07
82 9.26908e-08
